1633046400000,153.20000000,154.90000000,152.70000000,153.60000000,20676.58600000,1633049999999,3180549.19000000,5770,10803.83500000,1662194.16170000,0
1633050000000,153.50000000,154.30000000,152.50000000,153.90000000,16300.43200000,1633053599999,2498023.86290000,3680,7814.14000000,1198876.87490000,0
1633053600000,153.90000000,154.20000000,152.00000000,152.50000000,12256.83100000,1633057199999,1875041.19040000,9246,5327.07800000,815140.45990000,0
1633057200000,152.50000000,154.30000000,151.10000000,153.60000000,28850.57500000,1633060799999,4407397.31440000,6102,15433.08600000,2359113.22540000,0
1633060800000,153.60000000,154.50000000,153.10000000,153.40000000,13745.22900000,1633064399999,2114583.84130000,9469,8194.75100000,1261001.13840000,0
1633064400000,153.40000000,155.40000000,153.20000000,155.20000000,20098.81900000,1633067999999,3106365.32100000,6229,11948.53900000,1847170.58730000,0
1633068000000,155.20000000,155.70000000,154.20000000,155.20000000,19411.61500000,1633071599999,3008833.04000000,5522,11462.04900000,1776779.22360000,0
1633071600000,155.30000000,159.00000000,154.60000000,158.80000000,51144.43600000,1633075199999,8046753.13020000,17948,29635.87600000,4661999.90260000,0
1633075200000,158.80000000,160.20000000,158.60000000,159.60000000,33687.40200000,1633078799999,5362717.49610000,19023,19716.70800000,3139765.96010000,0
1633078800000,159.60000000,159.80000000,158.30000000,158.50000000,18088.93700000,1633082399999,2875235.91410000,9506,8080.04600000,1284720.98960000,0
1633082400000,158.50000000,164.10000000,158.10000000,162.80000000,126072.39800000,1633085999999,20420806.79340000,34687,64757.17300000,10492347.46230000,0
1633086000000,162.90000000,164.10000000,162.80000000,163.50000000,45225.49200000,1633089599999,7397087.30340000,13055,25084.34700000,4104627.89340000,0
1633089600000,163.50000000,164.90000000,163.00000000,163.40000000,42586.10500000,1633093199999,6978827.34210000,14246,20528.29900000,3365577.71110000,0
1633093200000,163.40000000,165.40000000,163.20000000,163.30000000,28162.92900000,1633096799999,4624194.38490000,8522,14008.11300000,2300906.61590000,0
1633096800000,163.30000000,164.60000000,162.60000000,164.10000000,40747.28700000,1633100399999,6662484.81030000,8864,17626.91200000,2883020.29760000,0
1633100400000,164.10000000,165.50000000,163.80000000,165.00000000,23327.47100000,1633103999999,3841224.48720000,9498,10861.65900000,1788683.08160000,0
1633104000000,165.10000000,166.80000000,164.70000000,166.00000000,29695.74600000,1633107599999,4913979.29050000,11326,15988.65700000,2646345.81130000,0
1633107600000,166.00000000,166.30000000,165.30000000,165.90000000,14282.71200000,1633111199999,2367646.67000000,4897,7508.98600000,1245051.30440000,0
1633111200000,166.00000000,166.40000000,165.10000000,165.30000000,17530.29200000,1633114799999,2905703.03400000,5378,9139.38600000,1515150.22380000,0
1633114800000,165.30000000,167.10000000,165.10000000,167.00000000,28698.45300000,1633118399999,4765128.38780000,12907,16212.23100000,2692330.58550000,0
1633118400000,167.00000000,167.10000000,165.30000000,166.00000000,17545.25700000,1633121999999,2915315.50120000,6581,9426.69200000,1566399.39350000,0
1633122000000,166.00000000,168.10000000,166.00000000,166.70000000,19071.68400000,1633125599999,3188455.74870000,10978,9573.70800000,1600360.64120000,0
1633125600000,166.70000000,167.30000000,164.60000000,165.60000000,23978.95100000,1633129199999,3981845.13050000,14286,11907.67600000,1978091.54350000,0
1633129200000,165.70000000,166.30000000,165.10000000,166.20000000,10247.27800000,1633132799999,1696757.58050000,7845,4583.99800000,759257.88200000,0
1633132800000,166.10000000,167.80000000,164.40000000,167.30000000,31369.95700000,1633136399999,5219540.03320000,7710,14540.11800000,2418682.02120000,0
1633136400000,167.30000000,168.60000000,166.40000000,166.80000000,17042.83900000,1633139999999,2855588.66030000,7641,8307.62100000,1392033.91400000,0
1633140000000,166.80000000,168.10000000,166.70000000,167.40000000,18657.87000000,1633143599999,3124988.45740000,3859,11084.01000000,1856323.58980000,0
1633143600000,167.50000000,168.20000000,165.30000000,165.80000000,21009.98100000,1633147199999,3502896.04310000,4996,9164.21100000,1528821.13560000,0
1633147200000,165.80000000,166.40000000,165.20000000,165.70000000,9640.61200000,1633150799999,1598261.13100000,4760,4675.63000000,775214.22630000,0
1633150800000,165.70000000,166.70000000,165.50000000,166.10000000,8466.70900000,1633154399999,1407749.77400000,2493,4361.63000000,725238.86410000,0
1633154400000,166.20000000,167.00000000,165.70000000,166.50000000,11955.26700000,1633157999999,1989107.63390000,3073,6024.39500000,1002594.70780000,0
1633158000000,166.60000000,167.20000000,166.00000000,166.50000000,11194.33100000,1633161599999,1865579.42580000,2963,5325.77000000,887652.74930000,0
1633161600000,166.50000000,167.20000000,165.60000000,166.80000000,10683.94300000,1633165199999,1776607.24350000,3570,5525.73800000,918891.51610000,0
1633165200000,166.80000000,167.90000000,166.60000000,167.10000000,9178.32500000,1633168799999,1534047.47200000,3170,4458.62000000,745377.16060000,0
1633168800000,167.00000000,167.10000000,165.90000000,166.30000000,8453.25700000,1633172399999,1407689.54630000,2935,3765.20900000,627029.76100000,0
1633172400000,166.20000000,167.30000000,165.40000000,167.10000000,9787.88900000,1633175999999,1627144.30800000,3745,5035.89200000,837552.25850000,0
1633176000000,167.20000000,169.60000000,166.90000000,168.40000000,30629.83600000,1633179599999,5163663.17000000,13631,16512.44900000,2783236.38130000,0
1633179600000,168.30000000,171.90000000,168.20000000,170.10000000,49236.90300000,1633183199999,8367092.37320000,24466,24818.00100000,4215698.09690000,0
1633183200000,170.00000000,171.80000000,169.70000000,171.50000000,29950.87600000,1633186799999,5117152.56690000,8326,15289.05200000,2612891.14680000,0
1633186800000,171.50000000,172.50000000,171.20000000,171.80000000,18952.16400000,1633190399999,3256045.09310000,9026,10496.30600000,1803574.39030000,0
1633190400000,171.70000000,172.50000000,170.30000000,172.30000000,27618.36900000,1633193999999,4736525.75900000,7060,14964.93600000,2567377.12050000,0
1633194000000,172.30000000,172.40000000,170.60000000,171.50000000,15176.85900000,1633197599999,2601572.39670000,4720,8311.36800000,1424666.50270000,0
1633197600000,171.40000000,172.10000000,170.70000000,171.50000000,13392.40300000,1633201199999,2293012.35310000,4106,7145.38400000,1223547.38440000,0
1633201200000,171.60000000,172.80000000,171.60000000,172.10000000,15695.57400000,1633204799999,2700589.47070000,5531,9389.37400000,1615912.37260000,0
1633204800000,172.10000000,172.20000000,170.40000000,170.70000000,13404.40800000,1633208399999,2295976.02170000,4214,5484.60300000,939562.71010000,0
1633208400000,170.70000000,172.00000000,170.70000000,171.90000000,6379.91800000,1633211999999,1093815.18160000,2718,3485.70800000,597780.28710000,0
1633212000000,171.90000000,172.60000000,171.40000000,171.40000000,9526.01400000,1633215599999,1638830.01830000,3252,4962.35100000,854058.07360000,0
1633215600000,171.40000000,172.20000000,168.10000000,168.90000000,30441.46900000,1633219199999,5161670.46570000,10111,10552.48200000,1788796.72130000,0
1633219200000,168.90000000,170.40000000,166.20000000,167.00000000,36436.49500000,1633222799999,6129660.41590000,9864,14951.22000000,2517492.54220000,0
1633222800000,167.10000000,168.20000000,166.60000000,167.60000000,24618.84500000,1633226399999,4120347.36770000,5122,11073.20600000,1854497.27790000,0
1633226400000,167.60000000,168.90000000,167.10000000,167.20000000,14094.29500000,1633229999999,2368834.49670000,3558,6877.71600000,1156147.71050000,0
1633230000000,167.20000000,168.40000000,166.70000000,168.20000000,10910.69600000,1633233599999,1826139.60660000,2904,5985.73300000,1001908.40720000,0
1633233600000,168.30000000,168.50000000,167.50000000,167.90000000,8753.75100000,1633237199999,1470428.00900000,2404,5001.70100000,840379.07130000,0
1633237200000,167.80000000,169.20000000,167.60000000,168.80000000,9171.83100000,1633240799999,1546637.07910000,2860,5238.54900000,883539.01680000,0
1633240800000,168.90000000,168.90000000,168.10000000,168.40000000,7548.60600000,1633244399999,1272289.18330000,2426,3595.86500000,606217.34730000,0
1633244400000,168.50000000,168.50000000,167.30000000,167.70000000,8612.33800000,1633247999999,1444690.31000000,2913,3924.09700000,658377.69980000,0
1633248000000,167.60000000,168.80000000,167.60000000,167.70000000,8032.27900000,1633251599999,1351559.80820000,2827,3715.59900000,625148.24250000,0
1633251600000,167.70000000,168.10000000,165.70000000,167.60000000,20347.53000000,1633255199999,3394557.44330000,9863,8824.37100000,1473835.11410000,0
1633255200000,167.60000000,168.90000000,166.90000000,167.70000000,14971.35500000,1633258799999,2511699.74150000,14609,7838.08000000,1315112.59240000,0
1633258800000,167.60000000,171.30000000,167.50000000,170.70000000,23483.14500000,1633262399999,3990441.07440000,8582,14072.72000000,2391096.38680000,0
1633262400000,170.60000000,170.80000000,169.30000000,169.50000000,18150.17500000,1633265999999,3084728.86690000,11731,7872.94100000,1338386.67790000,0
1633266000000,169.40000000,172.60000000,169.30000000,172.00000000,26852.83000000,1633269599999,4600627.83320000,10418,14948.90300000,2559865.76190000,0
1633269600000,172.10000000,172.40000000,170.40000000,170.60000000,11893.76700000,1633273199999,2036389.06900000,5222,5332.91000000,913020.17110000,0
1633273200000,170.70000000,170.80000000,168.40000000,169.20000000,14972.30100000,1633276799999,2539624.29160000,7503,7498.78100000,1272120.10570000,0
1633276800000,169.30000000,170.90000000,168.80000000,170.40000000,15381.61900000,1633280399999,2611181.07300000,4510,7989.99300000,1356683.98920000,0
1633280400000,170.30000000,174.40000000,169.80000000,173.50000000,38011.51700000,1633283999999,6542987.52320000,18808,20461.91400000,3522301.59610000,0
1633284000000,173.60000000,175.00000000,172.80000000,173.80000000,31305.82200000,1633287599999,5449988.42550000,13002,15196.15400000,2646470.36120000,0
1633287600000,173.70000000,174.30000000,172.40000000,172.60000000,30474.14600000,1633291199999,5280609.48800000,6374,16145.70800000,2797640.86380000,0
1633291200000,172.60000000,173.00000000,170.80000000,171.00000000,13978.41700000,1633294799999,2403129.10290000,6044,5809.23600000,998897.99150000,0
1633294800000,171.00000000,171.10000000,169.10000000,169.50000000,27627.68800000,1633298399999,4701276.31330000,9396,12900.94000000,2195682.30090000,0
1633298400000,169.60000000,171.30000000,169.40000000,170.70000000,13011.29000000,1633301999999,2218672.49550000,3724,6713.51500000,1144946.94780000,0
1633302000000,170.80000000,171.70000000,170.20000000,170.50000000,8420.04900000,1633305599999,1437214.88310000,2516,3342.84500000,570786.77120000,0
1633305600000,170.50000000,170.90000000,168.70000000,168.90000000,16474.63200000,1633309199999,2793998.21630000,4934,6335.69300000,1075211.02680000,0
1633309200000,168.90000000,170.20000000,168.20000000,168.60000000,16086.67300000,1633312799999,2717786.27340000,5067,6830.97100000,1154398.93330000,0
1633312800000,168.70000000,168.70000000,166.30000000,166.80000000,13773.74200000,1633316399999,2307265.76480000,6317,6005.11700000,1006134.57010000,0
1633316400000,166.70000000,167.20000000,165.00000000,165.70000000,21541.76600000,1633319999999,3573669.54130000,7700,8228.99100000,1366601.77410000,0
1633320000000,165.60000000,166.70000000,164.20000000,166.30000000,21139.10300000,1633323599999,3505191.53190000,5836,10639.76600000,1764525.06590000,0
1633323600000,166.40000000,167.00000000,166.20000000,166.70000000,10757.53500000,1633327199999,1791936.72000000,2684,4424.76400000,737167.43350000,0
1633327200000,166.80000000,166.90000000,165.50000000,166.20000000,9245.96600000,1633330799999,1535774.07500000,2639,4641.70500000,771293.21700000,0
1633330800000,166.30000000,168.20000000,165.60000000,168.00000000,11079.60100000,1633334399999,1844743.66490000,3905,5591.28500000,931837.65300000,0
1633334400000,167.90000000,168.10000000,165.50000000,166.70000000,12010.04000000,1633337999999,2002750.39250000,4229,6007.30300000,1001682.19520000,0
1633338000000,166.70000000,166.90000000,165.90000000,166.90000000,8218.09400000,1633341599999,1367157.39620000,2681,3418.68100000,568859.30840000,0
1633341600000,166.90000000,167.00000000,165.30000000,166.30000000,9705.94500000,1633345199999,1612056.34880000,3553,4493.97000000,746461.52380000,0
1633345200000,166.40000000,166.50000000,163.60000000,165.10000000,39907.40400000,1633348799999,6575713.83690000,8902,13490.45800000,2223173.46120000,0
1633348800000,165.20000000,166.60000000,164.20000000,166.30000000,21589.37000000,1633352399999,3579323.36980000,5357,11243.19400000,1864429.53670000,0
1633352400000,166.30000000,168.10000000,166.20000000,168.10000000,24996.19300000,1633355999999,4178817.99210000,5789,14632.51300000,2447180.76380000,0
1633356000000,168.10000000,169.30000000,163.30000000,164.40000000,40477.05000000,1633359599999,6753130.69970000,11888,19242.43000000,3216431.16610000,0
1633359600000,164.30000000,164.30000000,161.30000000,162.90000000,98654.77700000,1633363199999,16047525.84110000,17776,45767.08900000,7444898.20780000,0
1633363200000,162.90000000,166.60000000,162.50000000,165.50000000,61595.11800000,1633366799999,10158317.40840000,11860,34136.70000000,5630558.04250000,0
1633366800000,165.50000000,168.20000000,164.20000000,167.60000000,40578.96100000,1633370399999,6753803.31590000,10482,22670.66200000,3775760.05620000,0
1633370400000,167.60000000,169.50000000,166.90000000,168.80000000,34096.19400000,1633373999999,5734479.10740000,8602,19739.87800000,3320878.57600000,0
1633374000000,168.90000000,169.80000000,168.30000000,169.20000000,18472.96100000,1633377599999,3118976.05920000,5520,9200.39600000,1553844.83110000,0
1633377600000,169.30000000,169.50000000,167.80000000,168.00000000,15571.38700000,1633381199999,2625321.74190000,4050,6389.73800000,1077825.88950000,0
1633381200000,168.00000000,168.50000000,166.50000000,167.70000000,11100.65200000,1633384799999,1860547.65940000,4586,5337.51900000,894803.08470000,0
1633384800000,167.60000000,168.10000000,165.70000000,166.30000000,11096.70600000,1633388399999,1850398.54200000,3940,4772.84900000,795501.81620000,0
1633388400000,166.30000000,168.90000000,166.10000000,167.50000000,18455.06100000,1633391999999,3094900.72560000,4427,10599.38500000,1777238.48900000,0
1633392000000,167.50000000,170.20000000,166.60000000,169.30000000,29257.65700000,1633395599999,4934884.54040000,8693,15758.41300000,2658580.51820000,0
1633395600000,169.30000000,170.40000000,168.20000000,168.50000000,14028.83000000,1633399199999,2375010.45350000,4832,6341.46000000,1074372.92680000,0
1633399200000,168.50000000,169.00000000,168.10000000,168.60000000,8136.61300000,1633402799999,1371158.56510000,2458,4234.90800000,713897.65780000,0
1633402800000,168.50000000,169.30000000,168.00000000,168.50000000,14576.40000000,1633406399999,2457189.67410000,3059,6719.51400000,1132997.72020000,0
1633406400000,168.60000000,168.60000000,166.70000000,166.80000000,9083.18400000,1633409999999,1522764.63020000,3720,3980.41800000,667460.21750000,0
1633410000000,166.80000000,168.50000000,166.70000000,167.90000000,9594.55700000,1633413599999,1609345.30360000,3641,5867.88600000,984365.41950000,0
1633413600000,167.90000000,168.90000000,167.70000000,168.00000000,8360.36200000,1633417199999,1407082.00010000,3248,4570.87100000,769333.52310000,0
1633417200000,168.10000000,168.70000000,167.90000000,168.20000000,10524.03200000,1633420799999,1771278.45450000,2985,5947.19100000,1001163.46920000,0
1633420800000,168.10000000,169.00000000,166.90000000,168.70000000,23317.96000000,1633424399999,3917143.38520000,5045,11434.55300000,1923171.40520000,0
1633424400000,168.80000000,170.30000000,167.70000000,170.20000000,27137.03900000,1633427999999,4591888.86430000,6953,15203.50000000,2572868.43530000,0
1633428000000,170.30000000,174.00000000,170.30000000,172.50000000,63299.85900000,1633431599999,10935526.17480000,26606,29332.88100000,5065539.61760000,0
1633431600000,172.50000000,173.30000000,172.00000000,172.50000000,17490.76300000,1633435199999,3020428.64470000,5006,7412.53800000,1280714.62430000,0
1633435200000,172.40000000,173.30000000,170.90000000,171.30000000,28003.29200000,1633438799999,4814470.98350000,8144,11907.93300000,2048734.94040000,0
1633438800000,171.40000000,172.40000000,170.10000000,172.00000000,50074.57800000,1633442399999,8564124.96800000,8922,30039.75300000,5138360.47230000,0
1633442400000,172.10000000,172.50000000,168.60000000,168.90000000,32272.28300000,1633445999999,5491445.87380000,10802,14151.07700000,2408785.88330000,0
1633446000000,168.90000000,170.20000000,167.70000000,168.40000000,35119.43400000,1633449599999,5936886.51390000,9325,15937.07500000,2695660.78710000,0
1633449600000,168.30000000,169.40000000,167.60000000,168.90000000,21678.77300000,1633453199999,3652000.43590000,5379,11449.64600000,1928569.97330000,0
1633453200000,168.80000000,170.70000000,168.30000000,170.60000000,17766.66500000,1633456799999,3006228.38250000,4459,11685.28700000,1977894.14950000,0
1633456800000,170.50000000,174.50000000,170.40000000,173.00000000,71556.91700000,1633460399999,12357743.40400000,22354,38903.44900000,6719263.48550000,0
1633460400000,173.00000000,174.90000000,172.80000000,174.50000000,30597.02300000,1633463999999,5316816.02750000,9260,16647.40300000,2893289.81760000,0
1633464000000,174.50000000,175.40000000,173.80000000,174.50000000,43468.48300000,1633467599999,7591128.85210000,14173,20598.63300000,3598686.32470000,0
1633467600000,174.50000000,175.20000000,172.70000000,174.80000000,20613.38400000,1633471199999,3591355.74100000,7578,8704.93300000,1517005.32000000,0
1633471200000,174.80000000,175.00000000,173.30000000,173.50000000,18582.25500000,1633474799999,3238266.78670000,5014,7600.11500000,1324718.39910000,0
1633474800000,173.60000000,174.70000000,173.10000000,173.80000000,18174.26900000,1633478399999,3158561.04880000,4866,9730.89900000,1691624.96980000,0
1633478400000,173.70000000,174.30000000,172.10000000,172.60000000,15614.49400000,1633481999999,2705406.92250000,5862,7089.22700000,1228731.48010000,0
1633482000000,172.60000000,172.60000000,170.40000000,171.40000000,24992.17000000,1633485599999,4282303.30200000,8561,10023.98000000,1717575.31770000,0
1633485600000,171.30000000,172.10000000,171.00000000,171.80000000,15107.38500000,1633489199999,2591560.36260000,3065,10007.43300000,1717031.54360000,0
1633489200000,171.90000000,172.30000000,170.10000000,171.70000000,21443.05000000,1633492799999,3670083.79150000,4862,11467.73800000,1962484.80350000,0
1633492800000,171.70000000,171.90000000,170.40000000,171.60000000,15870.81900000,1633496399999,2715474.39260000,4122,6050.20300000,1035175.72240000,0
1633496400000,171.60000000,175.00000000,171.00000000,174.00000000,24990.84400000,1633499999999,4325827.79110000,10556,14271.81000000,2473061.42560000,0
1633500000000,174.00000000,176.00000000,173.30000000,174.00000000,27910.97900000,1633503599999,4877277.68930000,13501,15227.62700000,2662421.34050000,0
1633503600000,174.00000000,174.00000000,170.60000000,171.50000000,22665.82800000,1633507199999,3902510.32340000,10218,9440.10200000,1625786.19570000,0
1633507200000,171.40000000,171.70000000,164.30000000,166.40000000,76722.59900000,1633510799999,12851080.32180000,24409,30243.84100000,5062261.77500000,0
1633510800000,166.30000000,166.50000000,163.80000000,165.10000000,37540.18700000,1633514399999,6196621.17130000,9109,20365.39300000,3363607.30410000,0
1633514400000,165.10000000,168.20000000,164.50000000,166.80000000,31831.10200000,1633517999999,5304044.29920000,8626,15947.54200000,2656314.41390000,0
1633518000000,166.80000000,168.20000000,166.30000000,166.60000000,19766.94100000,1633521599999,3305360.41690000,4783,10833.44000000,1811876.91370000,0
1633521600000,166.60000000,177.80000000,166.40000000,177.10000000,91222.27700000,1633525199999,15788217.84030000,41313,53654.29000000,9289633.13220000,0
1633525200000,177.20000000,181.30000000,176.10000000,178.60000000,180027.10700000,1633528799999,32198576.80290000,67357,95114.08200000,17021915.08270000,0
1633528800000,178.70000000,180.30000000,177.10000000,180.10000000,45460.56700000,1633532399999,8138217.22430000,14103,20233.52500000,3623187.22000000,0
1633532400000,180.10000000,182.40000000,179.20000000,181.50000000,69309.79000000,1633535999999,12532404.02010000,28066,38486.05300000,6960144.47280000,0
1633536000000,181.40000000,183.00000000,180.00000000,181.90000000,56156.18200000,1633539599999,10182643.79130000,19538,31057.52700000,5634302.56850000,0
1633539600000,181.80000000,182.30000000,180.30000000,181.30000000,33809.39800000,1633543199999,6123591.17940000,10876,16185.39800000,2932790.09620000,0
1633543200000,181.30000000,182.40000000,180.70000000,181.10000000,21098.79800000,1633546799999,3828540.12540000,6331,10234.46000000,1857511.89300000,0
1633546800000,181.10000000,183.00000000,180.50000000,181.60000000,29260.66900000,1633550399999,5318278.42110000,7031,16122.75300000,2932007.73510000,0
1633550400000,181.60000000,182.90000000,180.80000000,181.30000000,28691.74200000,1633553999999,5214634.39610000,6595,13772.21100000,2504488.83530000,0
1633554000000,181.20000000,181.90000000,180.60000000,181.90000000,14485.09100000,1633557599999,2621546.81870000,4511,7204.61400000,1304153.57250000,0
1633557600000,181.80000000,182.00000000,180.20000000,180.50000000,19632.14200000,1633561199999,3552382.34070000,4773,9781.49800000,1770211.60590000,0
1633561200000,180.50000000,181.50000000,178.30000000,178.50000000,44311.24300000,1633564799999,7947828.77490000,11856,17205.26000000,3088407.48680000,0
1633564800000,178.50000000,179.40000000,175.30000000,176.40000000,52053.42300000,1633568399999,9219206.44660000,17056,24108.17000000,4272921.10510000,0
1633568400000,176.40000000,176.80000000,173.40000000,175.40000000,39393.09100000,1633571999999,6885736.40200000,13044,15373.69400000,2687879.45690000,0
1633572000000,175.40000000,177.90000000,175.00000000,176.40000000,25065.81700000,1633575599999,4427116.46900000,6532,14612.82400000,2580993.99080000,0
1633575600000,176.30000000,177.10000000,175.10000000,175.90000000,15459.01500000,1633579199999,2720937.08750000,4456,6930.18000000,1220243.47080000,0
1633579200000,175.90000000,178.70000000,175.60000000,178.30000000,15424.02700000,1633582799999,2740518.06430000,5203,8383.22800000,1488762.93320000,0
1633582800000,178.30000000,180.20000000,176.50000000,179.30000000,28578.12300000,1633586399999,5089233.97000000,9420,17047.71500000,3035311.71550000,0
1633586400000,179.30000000,180.90000000,177.30000000,178.30000000,36722.95100000,1633589999999,6580340.59120000,10769,14859.65600000,2663787.60550000,0
1633590000000,178.30000000,186.00000000,177.30000000,185.20000000,107198.98100000,1633593599999,19659583.65170000,47039,51796.24600000,9496981.86300000,0
1633593600000,185.10000000,187.00000000,184.30000000,185.40000000,54193.04200000,1633597199999,10047766.27590000,19603,27559.66700000,5110403.18960000,0
1633597200000,185.30000000,186.50000000,180.50000000,182.80000000,73677.41400000,1633600799999,13490871.05840000,22591,31610.71000000,5789913.82520000,0
1633600800000,182.90000000,183.70000000,180.70000000,181.10000000,24562.60400000,1633604399999,4472651.41750000,6530,10670.66300000,1942633.61660000,0
1633604400000,181.20000000,183.80000000,181.10000000,183.70000000,27746.78000000,1633607999999,5060090.55260000,6665,15305.52200000,2792582.52280000,0
1633608000000,183.70000000,183.70000000,179.50000000,180.00000000,41622.68900000,1633611599999,7546685.38890000,12276,17892.17700000,3242109.39460000,0
1633611600000,179.90000000,183.20000000,178.60000000,183.00000000,46883.22600000,1633615199999,8491799.56610000,11731,25791.73500000,4671538.70620000,0
1633615200000,182.90000000,183.10000000,176.50000000,178.50000000,69840.35600000,1633618799999,12516796.81620000,18047,32680.66000000,5850269.33040000,0
1633618800000,178.60000000,180.70000000,178.10000000,179.30000000,27841.13500000,1633622399999,4999795.25050000,7844,12187.53200000,2189123.11530000,0
1633622400000,179.30000000,180.90000000,177.60000000,179.90000000,36252.21200000,1633625999999,6498595.09810000,9933,17689.17500000,3173596.29420000,0
1633626000000,179.90000000,180.80000000,178.90000000,179.30000000,26208.92300000,1633629599999,4714101.48600000,5941,13028.42500000,2344298.57950000,0
1633629600000,179.30000000,181.80000000,178.10000000,179.00000000,31435.20700000,1633633199999,5650450.22360000,9175,16570.46400000,2979894.48200000,0
1633633200000,179.00000000,180.10000000,179.00000000,179.20000000,15168.43600000,1633636799999,2723258.38100000,4059,7120.03900000,1278463.40950000,0
1633636800000,179.20000000,180.80000000,178.80000000,179.60000000,15676.79400000,1633640399999,2819008.24310000,4121,8350.89100000,1502462.32330000,0
1633640400000,179.70000000,181.10000000,179.50000000,179.90000000,13546.57300000,1633643999999,2442011.88360000,4031,7472.31900000,1347129.43820000,0
1633644000000,180.00000000,180.20000000,177.00000000,178.70000000,25698.55200000,1633647599999,4581269.81130000,7460,11332.22300000,2020974.59330000,0
1633647600000,178.70000000,179.60000000,177.30000000,178.60000000,16423.07600000,1633651199999,2927004.91060000,3869,8661.63400000,1544038.02990000,0
1633651200000,178.60000000,180.90000000,177.80000000,180.50000000,30335.31800000,1633654799999,5463287.47640000,6224,15216.68700000,2740433.94040000,0
1633654800000,180.40000000,180.90000000,179.10000000,180.10000000,11863.38700000,1633658399999,2133833.44870000,3063,6015.86400000,1082337.50940000,0
1633658400000,180.10000000,180.30000000,177.00000000,177.50000000,21953.77300000,1633661999999,3914210.00960000,6110,8655.37500000,1544667.69640000,0
1633662000000,177.40000000,177.70000000,175.10000000,176.30000000,51614.77800000,1633665599999,9081282.57240000,11637,25336.60600000,4456735.11150000,0
1633665600000,176.40000000,177.40000000,175.90000000,176.80000000,12381.23600000,1633669199999,2189988.28620000,3175,6738.68500000,1192076.81580000,0
1633669200000,176.90000000,178.00000000,175.80000000,177.40000000,13373.38500000,1633672799999,2366870.91220000,3400,7252.83900000,1284234.69500000,0
1633672800000,177.40000000,178.20000000,177.00000000,178.10000000,13501.68600000,1633676399999,2397976.21290000,3058,7922.06600000,1407407.47870000,0
1633676400000,178.00000000,180.10000000,177.70000000,179.80000000,36508.35700000,1633679999999,6538550.79970000,8482,19989.99200000,3580671.20630000,0
1633680000000,179.80000000,183.30000000,179.40000000,182.60000000,45976.27400000,1633683599999,8337051.70910000,16109,21696.11200000,3936153.08560000,0
1633683600000,182.60000000,183.00000000,180.00000000,180.30000000,27634.52700000,1633687199999,5019455.52910000,8725,11949.74900000,2171339.60600000,0
1633687200000,180.30000000,181.70000000,180.00000000,180.80000000,25077.60500000,1633690799999,4532130.33220000,8374,11875.81100000,2146729.74370000,0
1633690800000,180.70000000,182.50000000,180.30000000,181.80000000,36032.78700000,1633694399999,6538737.47560000,7828,19748.65000000,3584883.41370000,0
1633694400000,181.80000000,183.40000000,179.00000000,180.90000000,73532.73900000,1633697999999,13343306.04230000,18107,35881.33200000,6510760.78070000,0
1633698000000,180.80000000,182.10000000,179.00000000,180.10000000,49868.67800000,1633701599999,8999561.26390000,11047,22811.39200000,4119210.37640000,0
1633701600000,180.10000000,182.50000000,179.90000000,181.90000000,33754.57300000,1633705199999,6122380.55990000,7631,16166.07100000,2932722.58080000,0
1633705200000,182.00000000,182.10000000,179.90000000,180.80000000,28272.84600000,1633708799999,5118196.42750000,6526,13467.16000000,2438728.69470000,0
1633708800000,180.80000000,181.10000000,179.10000000,180.60000000,25891.24200000,1633712399999,4664281.19430000,6449,13122.95000000,2364625.37030000,0
1633712400000,180.50000000,180.60000000,177.60000000,178.60000000,31593.51000000,1633715999999,5642803.22750000,9483,12692.11500000,2268436.79440000,0
1633716000000,178.60000000,180.00000000,178.30000000,179.00000000,25122.19700000,1633719599999,4500299.33270000,5497,11651.02400000,2087047.60180000,0
1633719600000,178.90000000,179.40000000,177.70000000,178.30000000,20987.17600000,1633723199999,3747414.06030000,5247,10463.89300000,1869447.44800000,0
1633723200000,178.20000000,178.50000000,174.40000000,175.30000000,34736.25700000,1633726799999,6125016.38050000,13364,13918.94700000,2456190.65730000,0
1633726800000,175.30000000,176.50000000,174.60000000,176.20000000,16477.78500000,1633730399999,2891670.89420000,6006,8005.28200000,1405216.65910000,0
1633730400000,176.20000000,177.10000000,175.20000000,176.70000000,12958.86400000,1633733999999,2285365.45290000,3536,5467.74800000,964655.42600000,0
1633734000000,176.60000000,176.70000000,174.90000000,175.90000000,18044.05400000,1633737599999,3171755.06580000,4013,10440.66600000,1835403.24020000,0
1633737600000,175.90000000,178.00000000,174.40000000,177.00000000,19025.34600000,1633741199999,3355050.21150000,6150,8677.95900000,1530829.08890000,0
1633741200000,177.10000000,177.70000000,175.10000000,175.50000000,12177.96400000,1633744799999,2145957.31730000,3292,4576.62200000,807587.92450000,0
1633744800000,175.60000000,176.80000000,174.70000000,176.80000000,12865.83600000,1633748399999,2262856.71650000,3022,5893.61900000,1036924.08840000,0
1633748400000,176.80000000,178.30000000,176.20000000,177.60000000,11522.74400000,1633751999999,2041696.56300000,3663,6874.59100000,1217800.73860000,0
1633752000000,177.50000000,177.90000000,177.00000000,177.30000000,7039.45200000,1633755599999,1249148.94090000,2322,3534.04800000,627248.89100000,0
1633755600000,177.20000000,177.50000000,176.10000000,176.70000000,12071.49400000,1633759199999,2134339.15320000,2991,6606.60000000,1168292.37980000,0
1633759200000,176.70000000,178.30000000,176.70000000,177.50000000,13700.46000000,1633762799999,2433541.34660000,3345,7406.61700000,1315780.65690000,0
1633762800000,177.50000000,177.90000000,176.70000000,177.50000000,10816.40700000,1633766399999,1918335.97920000,2975,4901.61900000,869520.95810000,0
1633766400000,177.50000000,177.90000000,175.90000000,176.10000000,12674.59000000,1633769999999,2242682.62700000,3306,5954.17700000,1054356.57120000,0
1633770000000,176.20000000,178.20000000,176.10000000,178.10000000,14720.26400000,1633773599999,2608457.24380000,3951,8770.63300000,1554215.14470000,0
1633773600000,178.10000000,181.30000000,177.30000000,181.20000000,22236.59100000,1633777199999,3977305.21500000,9201,13121.06500000,2347735.74190000,0
1633777200000,181.20000000,181.20000000,179.30000000,179.70000000,37901.01900000,1633780799999,6834231.61250000,11454,19530.30200000,3522436.36580000,0
1633780800000,179.70000000,181.10000000,179.60000000,180.00000000,16443.99400000,1633784399999,2964932.62680000,4129,8576.58900000,1547154.72850000,0
1633784400000,180.00000000,181.00000000,179.40000000,180.90000000,17478.35100000,1633787999999,3150890.05100000,4463,9601.42800000,1731728.22470000,0
1633788000000,180.80000000,181.10000000,179.30000000,180.50000000,25617.17500000,1633791599999,4614689.84230000,5567,13136.02000000,2366694.57480000,0
1633791600000,180.50000000,180.80000000,179.50000000,179.80000000,20050.69000000,1633795199999,3609514.21700000,4356,10664.78400000,1919883.75400000,0
1633795200000,179.80000000,182.90000000,179.40000000,182.20000000,58473.01700000,1633798799999,10596452.20450000,17842,34257.93800000,6213454.77720000,0
1633798800000,182.30000000,182.90000000,180.00000000,180.80000000,35483.26700000,1633802399999,6447738.04720000,8331,15309.59200000,2785036.03550000,0
1633802400000,180.90000000,182.50000000,180.60000000,181.50000000,20987.48700000,1633805999999,3805417.93550000,4298,12835.85300000,2328027.84710000,0
1633806000000,181.50000000,181.60000000,179.90000000,180.20000000,8119.36100000,1633809599999,1467444.77100000,2539,3331.56200000,602548.64300000,0
1633809600000,180.30000000,181.70000000,178.90000000,181.30000000,29029.29700000,1633813199999,5239134.62930000,5576,16257.27100000,2937353.53940000,0
1633813200000,181.20000000,181.30000000,180.20000000,180.90000000,8827.58400000,1633816799999,1593662.04100000,2267,3912.46200000,706407.88150000,0
1633816800000,181.00000000,181.00000000,179.70000000,180.60000000,8840.99300000,1633820399999,1593391.89070000,2184,3640.66500000,656310.05800000,0
1633820400000,180.70000000,180.80000000,179.50000000,179.90000000,9876.50500000,1633823999999,1778549.04100000,2275,5037.07300000,907323.18920000,0
1633824000000,179.90000000,180.10000000,177.70000000,178.20000000,22581.19200000,1633827599999,4036221.75020000,7653,9084.00600000,1624277.39320000,0
1633827600000,178.20000000,178.50000000,176.20000000,177.60000000,25768.73800000,1633831199999,4565175.73000000,8547,9992.83200000,1770727.10800000,0
1633831200000,177.50000000,178.80000000,176.50000000,178.60000000,35278.34700000,1633834799999,6283706.19910000,5066,16265.05800000,2897262.49850000,0
1633834800000,178.50000000,182.00000000,178.30000000,181.90000000,42790.45700000,1633838399999,7725958.07660000,11527,26467.65000000,4778358.32560000,0
1633838400000,181.90000000,183.80000000,181.30000000,183.60000000,43591.01500000,1633841999999,7958866.17580000,19847,25490.18200000,4653119.88560000,0
1633842000000,183.50000000,184.00000000,182.40000000,182.90000000,22216.33600000,1633845599999,4068160.37690000,6441,10199.49400000,1867604.71990000,0
1633845600000,182.90000000,183.70000000,182.50000000,183.30000000,15945.37200000,1633849199999,2918848.93990000,4331,8320.57700000,1523459.39060000,0
1633849200000,183.20000000,183.40000000,182.00000000,182.80000000,11846.85100000,1633852799999,2163017.89660000,3439,7010.65500000,1279992.16600000,0
1633852800000,182.80000000,183.30000000,182.00000000,183.00000000,20507.19800000,1633856399999,3745896.17080000,4726,10010.88300000,1828976.41260000,0
1633856400000,183.00000000,183.10000000,179.90000000,180.90000000,24826.38800000,1633859999999,4490764.97880000,8380,12025.66500000,2174581.54220000,0
1633860000000,180.90000000,181.30000000,180.10000000,180.50000000,18221.20700000,1633863599999,3294093.40710000,3827,9497.43900000,1717126.63650000,0
1633863600000,180.60000000,181.30000000,179.30000000,180.60000000,21794.10600000,1633867199999,3933445.89850000,4964,10222.68800000,1845034.18310000,0
1633867200000,180.60000000,180.80000000,178.50000000,179.50000000,18947.92500000,1633870799999,3401023.10100000,5963,9251.35600000,1660834.97100000,0
1633870800000,179.50000000,180.70000000,178.30000000,179.90000000,15275.81800000,1633874399999,2744163.49660000,4451,8431.32100000,1514879.88700000,0
1633874400000,179.90000000,181.40000000,179.60000000,180.40000000,17212.41500000,1633877999999,3110250.74890000,4406,8981.47000000,1623126.77920000,0
1633878000000,180.40000000,180.90000000,179.20000000,180.60000000,17888.21900000,1633881599999,3220710.48860000,4404,9352.74800000,1684691.42620000,0
1633881600000,180.60000000,180.80000000,179.10000000,179.90000000,13708.51900000,1633885199999,2464012.69840000,3202,5536.88900000,995386.92900000,0
1633885200000,179.90000000,179.90000000,177.30000000,178.70000000,24910.49100000,1633888799999,4444774.51740000,8386,11013.22700000,1965095.00350000,0
1633888800000,178.80000000,179.20000000,177.80000000,178.90000000,10443.77800000,1633892399999,1864404.60070000,3074,4507.53300000,805062.93780000,0
1633892400000,178.90000000,179.30000000,178.40000000,178.70000000,7174.59000000,1633895999999,1283504.74350000,2142,2985.28600000,534267.62840000,0
1633896000000,178.70000000,181.30000000,178.00000000,178.30000000,40807.20900000,1633899599999,7328718.16780000,9026,21044.81600000,3780143.26010000,0
1633899600000,178.30000000,178.30000000,174.20000000,175.80000000,48126.89200000,1633903199999,8463271.55650000,17615,18571.41700000,3267374.24120000,0
1633903200000,175.90000000,177.40000000,174.60000000,177.10000000,18328.71100000,1633906799999,3222555.36430000,4864,10210.48700000,1796342.75050000,0
1633906800000,177.10000000,178.10000000,174.00000000,174.80000000,21593.37900000,1633910399999,3795043.42830000,6358,9676.94100000,1702074.63080000,0
1633910400000,174.80000000,176.20000000,172.00000000,176.00000000,41943.32200000,1633913999999,7299553.33340000,11654,16690.08700000,2907613.92150000,0
1633914000000,176.00000000,177.80000000,175.50000000,176.40000000,16312.81800000,1633917599999,2885418.98400000,4251,8476.95700000,1498889.34530000,0
1633917600000,176.50000000,177.60000000,176.30000000,177.30000000,10901.39700000,1633921199999,1927720.39880000,2259,5832.80800000,1032040.30580000,0
1633921200000,177.40000000,180.60000000,176.80000000,180.40000000,25690.84300000,1633924799999,4592177.30820000,9227,14670.20600000,2622694.44590000,0
1633924800000,180.40000000,182.30000000,179.80000000,181.20000000,29643.21400000,1633928399999,5370239.68790000,13349,15667.53200000,2838333.98140000,0
1633928400000,181.30000000,181.80000000,180.20000000,180.90000000,12751.75700000,1633931999999,2307055.71850000,4301,5852.32600000,1059140.35620000,0
1633932000000,180.80000000,181.90000000,180.20000000,180.90000000,22021.58900000,1633935599999,3986249.05990000,4470,12802.04900000,2316938.87360000,0
1633935600000,180.90000000,184.90000000,180.90000000,184.50000000,44651.91500000,1633939199999,8177078.37760000,22030,25986.80500000,4758723.83660000,0
1633939200000,184.50000000,185.40000000,182.70000000,183.60000000,38494.28000000,1633942799999,7088218.01440000,18612,21577.84800000,3976129.20500000,0
1633942800000,183.70000000,184.30000000,182.70000000,183.20000000,19416.32300000,1633946399999,3562903.57350000,6109,8884.07200000,1630661.28140000,0
1633946400000,183.20000000,184.70000000,181.20000000,181.80000000,28595.38900000,1633949999999,5240531.02620000,8224,13866.71700000,2545206.75220000,0
1633950000000,181.80000000,182.80000000,176.90000000,179.50000000,70553.12100000,1633953599999,12647800.74680000,25682,31410.13000000,5633545.92160000,0
1633953600000,179.50000000,180.50000000,178.60000000,180.10000000,24527.17300000,1633957199999,4407130.23410000,5733,14417.95500000,2590970.94680000,0
1633957200000,180.10000000,183.50000000,179.50000000,183.30000000,39812.89900000,1633960799999,7222648.68550000,11220,23138.18600000,4197320.80610000,0
1633960800000,183.30000000,183.60000000,181.20000000,183.10000000,33474.87800000,1633964399999,6109965.78670000,9952,15529.66300000,2835800.57780000,0
1633964400000,183.20000000,183.20000000,181.60000000,182.50000000,21581.50300000,1633967999999,3933893.94890000,6079,11218.40200000,2045134.37050000,0
1633968000000,182.40000000,183.20000000,181.30000000,181.50000000,19942.07700000,1633971599999,3631153.45340000,5600,8466.09900000,1542108.40130000,0
1633971600000,181.50000000,182.10000000,179.60000000,180.10000000,20084.98600000,1633975199999,3633647.18770000,6358,8274.56600000,1497695.09420000,0
1633975200000,180.20000000,180.50000000,178.50000000,179.20000000,21195.80000000,1633978799999,3803352.04040000,6018,10202.31000000,1831450.11490000,0
1633978800000,179.20000000,180.00000000,177.50000000,177.60000000,23538.58000000,1633982399999,4210493.33610000,7066,11805.62000000,2112165.50530000,0
1633982400000,177.60000000,177.70000000,175.10000000,175.50000000,38408.82800000,1633985999999,6774776.08780000,13209,17647.48000000,3113807.77080000,0
1633986000000,175.50000000,177.00000000,174.80000000,176.70000000,20341.43200000,1633989599999,3576289.78280000,6528,8621.76400000,1516650.90920000,0
1633989600000,176.60000000,179.60000000,175.90000000,178.40000000,44119.10700000,1633993199999,7871300.33380000,8293,23743.34700000,4236466.19670000,0
1633993200000,178.30000000,179.40000000,177.20000000,179.10000000,11611.75600000,1633996799999,2067715.80720000,3208,5518.77800000,983390.82390000,0
1633996800000,179.20000000,179.20000000,175.00000000,175.90000000,33811.70600000,1634000399999,5971762.39850000,7763,15511.43700000,2738201.10230000,0
1634000400000,175.80000000,177.10000000,175.00000000,176.70000000,14842.23300000,1634003999999,2614651.95430000,3128,6057.19600000,1067384.18420000,0
1634004000000,176.70000000,177.10000000,173.30000000,174.00000000,25509.69000000,1634007599999,4461210.28590000,7261,8924.27200000,1562213.11060000,0
1634007600000,174.00000000,174.10000000,172.00000000,173.80000000,30785.92700000,1634011199999,5326474.64180000,8143,16457.91000000,2847827.95930000,0
1634011200000,173.80000000,174.80000000,172.80000000,174.60000000,12019.80200000,1634014799999,2089857.46670000,3062,5701.39500000,992008.50820000,0
1634014800000,174.60000000,175.40000000,171.10000000,175.00000000,51170.47300000,1634018399999,8875527.62430000,10872,23808.56600000,4129978.74300000,0
1634018400000,175.10000000,175.70000000,172.60000000,172.80000000,35291.14400000,1634021999999,6155986.77530000,6850,18798.82800000,3279064.33000000,0
1634022000000,172.80000000,174.20000000,172.40000000,173.80000000,12401.98300000,1634025599999,2149342.59420000,3930,6300.04100000,1091607.07770000,0
1634025600000,173.70000000,175.90000000,173.20000000,174.20000000,26459.10300000,1634029199999,4624200.30890000,5120,14624.79800000,2556609.56570000,0
1634029200000,174.30000000,174.40000000,166.30000000,168.00000000,93781.40200000,1634032799999,15927195.05160000,20231,39697.54900000,6752208.12830000,0
1634032800000,168.00000000,170.30000000,166.70000000,169.80000000,40282.39300000,1634036399999,6785373.46450000,10383,19783.59700000,3333380.85090000,0
1634036400000,169.80000000,170.90000000,168.50000000,170.60000000,31349.29700000,1634039999999,5316935.51480000,5575,16307.54400000,2766127.47520000,0
1634040000000,170.50000000,171.00000000,167.40000000,168.30000000,38213.17900000,1634043599999,6439807.59690000,8867,16346.39000000,2756969.39700000,0
1634043600000,168.40000000,173.20000000,168.40000000,172.10000000,51479.50800000,1634047199999,8824312.64670000,13637,28008.46100000,4799112.43490000,0
1634047200000,172.20000000,173.50000000,169.30000000,170.20000000,32860.88700000,1634050799999,5652400.06470000,8483,16908.54800000,2911958.49370000,0
1634050800000,170.30000000,172.30000000,168.60000000,171.80000000,29968.41500000,1634054399999,5111385.10680000,7865,16416.28100000,2800126.59840000,0
1634054400000,171.70000000,172.80000000,170.70000000,172.30000000,30214.06600000,1634057999999,5187165.04930000,6574,15134.73400000,2599239.08140000,0
1634058000000,172.20000000,172.50000000,170.30000000,170.60000000,19411.88100000,1634061599999,3327042.21450000,4674,8184.09700000,1403424.51330000,0
1634061600000,170.50000000,172.20000000,170.50000000,171.90000000,13241.74300000,1634065199999,2271392.02510000,3630,7749.92000000,1329796.54860000,0
1634065200000,171.90000000,173.20000000,170.40000000,170.80000000,19944.86700000,1634068799999,3424863.55320000,4671,9743.03200000,1675826.17290000,0
1634068800000,170.80000000,172.60000000,168.70000000,172.30000000,34833.16100000,1634072399999,5941098.63810000,8226,17024.08200000,2904595.38380000,0
1634072400000,172.40000000,172.60000000,171.40000000,172.00000000,8635.71800000,1634075999999,1485433.60580000,2740,5175.32100000,890352.82160000,0
1634076000000,172.10000000,173.20000000,171.50000000,172.50000000,10577.32000000,1634079599999,1823765.81790000,3349,5404.12600000,932316.06970000,0
1634079600000,172.50000000,173.30000000,171.80000000,172.60000000,11088.00200000,1634083199999,1912289.13040000,2773,5666.24400000,977859.67960000,0
1634083200000,172.60000000,174.90000000,171.50000000,174.50000000,17724.02300000,1634086799999,3074434.47950000,6796,9343.92300000,1621883.12600000,0
1634086800000,174.50000000,174.70000000,173.30000000,173.60000000,8354.27200000,1634090399999,1454359.83280000,2583,4285.24100000,746327.79040000,0
1634090400000,173.60000000,174.60000000,173.20000000,174.60000000,11489.51900000,1634093999999,1995876.26300000,2805,6161.24400000,1070450.65490000,0
1634094000000,174.50000000,174.80000000,173.20000000,174.20000000,10213.58400000,1634097599999,1775638.26320000,3018,4906.02100000,853199.73190000,0
1634097600000,174.10000000,174.50000000,173.10000000,173.90000000,11344.53400000,1634101199999,1971796.18470000,3070,5699.59400000,990878.22080000,0
1634101200000,173.90000000,174.70000000,168.90000000,169.10000000,44063.18900000,1634104799999,7551695.29350000,11832,19928.37000000,3416483.40500000,0
1634104800000,169.10000000,170.40000000,168.60000000,170.10000000,36190.81200000,1634108399999,6146538.01270000,7305,22311.80400000,3792364.34660000,0
1634108400000,170.10000000,170.30000000,167.80000000,167.90000000,27988.86200000,1634111999999,4731718.15670000,7068,15708.41700000,2657028.90990000,0
1634112000000,168.00000000,169.90000000,167.70000000,168.40000000,25007.50800000,1634115599999,4222996.11810000,6817,10624.52600000,1795384.89240000,0
1634115600000,168.30000000,169.50000000,167.60000000,169.20000000,15923.78500000,1634119199999,2685036.31310000,4987,8187.57400000,1380763.68450000,0
1634119200000,169.20000000,170.30000000,168.70000000,169.50000000,18983.14500000,1634122799999,3221102.71460000,5729,10613.37500000,1802080.19910000,0
1634122800000,169.50000000,173.30000000,168.90000000,173.10000000,24860.70900000,1634126399999,4247384.38090000,8125,15012.44400000,2566458.04400000,0
1634126400000,173.10000000,178.90000000,172.00000000,178.00000000,81245.41200000,1634129999999,14259543.86820000,28483,41482.02700000,7278353.20900000,0
1634130000000,178.00000000,179.00000000,170.70000000,172.10000000,86456.36700000,1634133599999,15079033.03700000,22682,39465.83100000,6882804.98730000,0
1634133600000,172.00000000,174.50000000,170.70000000,173.60000000,39019.43600000,1634137199999,6748321.37330000,9081,19694.99700000,3405920.95140000,0
1634137200000,173.60000000,175.20000000,173.30000000,174.50000000,18898.77300000,1634140799999,3294791.55910000,5219,9715.96300000,1694411.81370000,0
1634140800000,174.60000000,175.10000000,173.70000000,174.50000000,21764.59300000,1634144399999,3799079.41180000,5304,11880.13900000,2073994.20480000,0
1634144400000,174.40000000,175.90000000,174.40000000,175.00000000,24451.61900000,1634147999999,4283598.73920000,6382,12810.64900000,2245042.19850000,0
1634148000000,175.00000000,175.80000000,174.50000000,175.00000000,23768.45200000,1634151599999,4162279.61660000,6334,11664.17800000,2042552.78210000,0
1634151600000,175.10000000,176.20000000,174.90000000,175.90000000,22204.09300000,1634155199999,3899759.24560000,6791,11688.20100000,2052839.06550000,0
1634155200000,175.90000000,176.80000000,175.00000000,176.10000000,18444.03200000,1634158799999,3248171.41390000,6602,8977.47800000,1581326.27680000,0
1634158800000,176.10000000,176.90000000,175.90000000,176.50000000,9811.54700000,1634162399999,1730588.80440000,3768,5364.17900000,946297.27900000,0
1634162400000,176.50000000,179.70000000,176.20000000,178.90000000,44942.44300000,1634165999999,7999971.80880000,15402,27979.67600000,4980169.18700000,0
1634166000000,179.00000000,179.20000000,176.90000000,177.60000000,14801.85300000,1634169599999,2630731.28230000,4618,7479.81700000,1329142.11250000,0
1634169600000,177.70000000,178.50000000,177.00000000,177.40000000,16113.73600000,1634173199999,2864654.67960000,3943,8945.46100000,1590727.98750000,0
1634173200000,177.30000000,180.40000000,176.90000000,179.50000000,39879.28700000,1634176799999,7131578.47710000,10933,21421.15200000,3831501.52470000,0
1634176800000,179.50000000,180.40000000,178.90000000,180.20000000,27605.07600000,1634180399999,4961863.18980000,5599,15005.66600000,2697986.61920000,0
1634180400000,180.30000000,180.90000000,179.60000000,180.60000000,25592.56900000,1634183999999,4615730.34900000,7032,12518.61100000,2257997.41900000,0
1634184000000,180.50000000,181.30000000,179.60000000,179.90000000,28822.24300000,1634187599999,5199889.67970000,7784,13550.46500000,2445357.46250000,0
1634187600000,179.90000000,180.70000000,179.30000000,179.60000000,13121.06100000,1634191199999,2361065.66730000,4294,5750.46300000,1034927.99310000,0
1634191200000,179.70000000,180.80000000,178.30000000,179.30000000,25360.64700000,1634194799999,4554507.06420000,6610,12794.63000000,2298373.83020000,0
1634194800000,179.20000000,179.80000000,178.10000000,178.50000000,18534.59200000,1634198399999,3317087.58680000,5088,8226.54300000,1473067.36870000,0
1634198400000,178.60000000,180.30000000,178.40000000,179.90000000,17638.83000000,1634201999999,3167904.79130000,5559,9675.69100000,1737832.79740000,0
1634202000000,179.80000000,180.00000000,178.40000000,179.30000000,22654.68000000,1634205599999,4059107.46290000,6887,9406.02300000,1685987.38900000,0
1634205600000,179.30000000,179.80000000,178.60000000,179.40000000,11397.74100000,1634209199999,2042457.59550000,3570,5381.49000000,964464.14900000,0
1634209200000,179.30000000,182.20000000,179.20000000,181.40000000,40855.63600000,1634212799999,7398056.23510000,16500,21966.72400000,3976765.51110000,0
1634212800000,181.40000000,183.40000000,180.70000000,180.90000000,35906.38700000,1634216399999,6531003.82750000,16905,19008.22500000,3457876.29600000,0
1634216400000,181.00000000,181.80000000,180.30000000,181.20000000,20285.38900000,1634219999999,3673385.72690000,7007,9990.83400000,1809516.62110000,0
1634220000000,181.20000000,183.30000000,181.20000000,182.30000000,44921.20900000,1634223599999,8191991.44120000,10512,19922.43200000,3631851.43240000,0
1634223600000,182.30000000,182.90000000,179.70000000,181.90000000,48768.02600000,1634227199999,8854790.73440000,11117,20059.26500000,3644445.17270000,0
1634227200000,182.00000000,186.70000000,180.20000000,181.00000000,107304.47300000,1634230799999,19660416.99200000,43231,47082.32200000,8636180.28600000,0
1634230800000,181.10000000,183.00000000,180.60000000,182.10000000,17403.35100000,1634234399999,3168911.35460000,6041,9117.02400000,1659797.71150000,0
1634234400000,182.20000000,186.10000000,180.80000000,183.40000000,58747.26000000,1634237999999,10754012.56570000,22674,28827.76500000,5281844.31950000,0
1634238000000,183.30000000,184.00000000,179.70000000,181.10000000,54636.86800000,1634241599999,9903505.91720000,11633,25891.62500000,4692215.49320000,0
1634241600000,181.10000000,181.10000000,178.30000000,179.70000000,24759.07800000,1634245199999,4441981.00000000,9937,10553.74600000,1894199.09890000,0
1634245200000,179.70000000,180.80000000,179.50000000,180.40000000,10947.39800000,1634248799999,1972975.82460000,3217,6171.22200000,1112257.21550000,0
1634248800000,180.50000000,180.60000000,179.50000000,180.10000000,11025.59100000,1634252399999,1985626.41990000,2849,5949.47100000,1071628.96050000,0
1634252400000,180.10000000,181.80000000,179.20000000,181.30000000,24118.05300000,1634255999999,4356488.89990000,5562,13464.84800000,2433214.90070000,0
1634256000000,181.30000000,181.40000000,177.10000000,178.60000000,33400.58400000,1634259599999,5971889.40320000,9269,15428.97000000,2758358.19890000,0
1634259600000,178.50000000,179.10000000,176.40000000,178.00000000,21540.89200000,1634263199999,3826530.16020000,6529,9183.44400000,1631558.98990000,0
1634263200000,178.10000000,184.30000000,177.10000000,183.60000000,69398.73600000,1634266799999,12606019.04380000,22415,35949.80000000,6530791.58660000,0
1634266800000,183.60000000,186.20000000,183.10000000,184.50000000,79834.70500000,1634270399999,14745034.81280000,23341,45226.76300000,8354627.31290000,0
1634270400000,184.50000000,185.70000000,183.60000000,185.20000000,33281.05900000,1634273999999,6141774.63470000,8143,17177.92600000,3170521.08480000,0
1634274000000,185.20000000,185.70000000,184.10000000,184.90000000,37500.02600000,1634277599999,6931740.09500000,8232,16788.06600000,3104467.28150000,0
1634277600000,184.90000000,185.10000000,183.40000000,183.80000000,26090.56100000,1634281199999,4803638.15020000,5843,11397.47900000,2098477.19380000,0
1634281200000,183.70000000,184.10000000,182.20000000,182.30000000,17100.32200000,1634284799999,3130743.14660000,5878,7943.84100000,1454651.86230000,0
1634284800000,182.30000000,182.60000000,178.90000000,179.20000000,48513.79100000,1634288399999,8758744.05360000,17654,20590.90300000,3719814.20970000,0
1634288400000,179.20000000,180.10000000,177.70000000,179.70000000,40262.39400000,1634291999999,7211687.55670000,10299,19805.36700000,3548620.74310000,0
1634292000000,179.60000000,180.00000000,178.30000000,180.00000000,21749.89800000,1634295599999,3896578.16050000,5333,10589.16900000,1897961.61630000,0
1634295600000,179.90000000,181.20000000,179.50000000,180.60000000,18626.57900000,1634299199999,3361325.69530000,5520,10694.04100000,1929962.16630000,0
1634299200000,180.50000000,181.20000000,179.30000000,179.40000000,16571.75900000,1634302799999,2986189.27820000,4482,6053.75800000,1091456.63070000,0
1634302800000,179.30000000,181.40000000,179.10000000,181.00000000,34276.72400000,1634306399999,6181768.88150000,7247,16763.70800000,3023338.45470000,0
1634306400000,181.00000000,183.50000000,179.30000000,183.40000000,54375.48100000,1634309999999,9900987.65310000,14818,29532.16500000,5380437.95050000,0
1634310000000,183.30000000,188.50000000,181.90000000,185.70000000,142938.18500000,1634313599999,26493410.38920000,53062,75046.29000000,13908094.15070000,0
1634313600000,185.60000000,191.80000000,183.40000000,191.10000000,153005.44900000,1634317199999,28704701.34720000,58660,79446.15100000,14915823.67410000,0
1634317200000,191.10000000,192.00000000,189.10000000,191.20000000,86413.47900000,1634320799999,16455726.08320000,21117,43948.99500000,8368342.59160000,0
1634320800000,191.20000000,191.70000000,189.80000000,190.00000000,38651.31500000,1634324399999,7362430.57480000,9221,19885.17300000,3788094.93920000,0
1634324400000,190.00000000,191.50000000,189.10000000,190.70000000,38498.68100000,1634327999999,7315721.91000000,11825,21051.36800000,4002062.09120000,0
1634328000000,190.70000000,193.00000000,190.20000000,192.50000000,66321.14700000,1634331599999,12709866.66960000,22780,33550.20300000,6431877.21470000,0
1634331600000,192.50000000,192.50000000,188.30000000,189.30000000,31060.26200000,1634335199999,5902110.98880000,11435,12540.66400000,2384441.42820000,0
1634335200000,189.40000000,190.30000000,189.00000000,189.80000000,15730.16500000,1634338799999,2982034.13900000,4901,7682.02200000,1456598.58010000,0
1634338800000,189.70000000,189.80000000,188.60000000,189.60000000,18202.24400000,1634342399999,3443749.76820000,5724,9874.56300000,1868603.99770000,0
1634342400000,189.70000000,191.70000000,189.30000000,190.80000000,24654.27100000,1634345999999,4690655.85550000,6813,12192.18700000,2320077.33580000,0
1634346000000,190.70000000,192.60000000,189.10000000,190.60000000,23149.39500000,1634349599999,4417552.35100000,7572,11753.88400000,2244138.66250000,0
1634349600000,190.60000000,191.40000000,189.50000000,191.40000000,12097.54000000,1634353199999,2301909.07760000,3503,6293.29700000,1197926.56890000,0
1634353200000,191.40000000,191.60000000,189.20000000,189.70000000,31628.10500000,1634356799999,6023436.89820000,6199,15371.04500000,2927840.14520000,0
1634356800000,189.70000000,190.30000000,188.80000000,189.10000000,20084.93300000,1634360399999,3808063.00640000,5392,9203.52600000,1745253.47520000,0
1634360400000,189.20000000,190.80000000,189.00000000,189.70000000,21967.04300000,1634363999999,4173324.79670000,4385,10759.15000000,2044145.06280000,0
1634364000000,189.80000000,190.40000000,189.40000000,189.50000000,12784.57000000,1634367599999,2426494.98150000,3903,6210.60500000,1178849.13800000,0
1634367600000,189.50000000,189.60000000,187.10000000,188.40000000,31115.25500000,1634371199999,5853607.16890000,10625,13604.41400000,2559763.37900000,0
1634371200000,188.40000000,190.90000000,187.90000000,190.80000000,29055.17900000,1634374799999,5507628.48740000,7689,16202.57000000,3072790.84390000,0
1634374800000,190.70000000,192.20000000,190.20000000,191.40000000,32439.38900000,1634378399999,6208559.96840000,10400,18366.44100000,3515127.89610000,0
1634378400000,191.40000000,191.80000000,190.40000000,191.10000000,14072.03700000,1634381999999,2691470.13980000,4378,6836.94200000,1308107.55900000,0
1634382000000,191.20000000,191.60000000,190.00000000,190.80000000,24911.11800000,1634385599999,4751414.57450000,5409,12692.34100000,2421532.62790000,0
1634385600000,190.80000000,191.30000000,186.30000000,187.00000000,53892.19200000,1634389199999,10169524.66840000,16434,24001.07100000,4530904.75290000,0
1634389200000,187.00000000,188.40000000,186.40000000,188.10000000,66250.80900000,1634392799999,12410037.45910000,10608,41060.13100000,7691458.11900000,0
1634392800000,188.10000000,188.60000000,187.30000000,188.10000000,21119.64200000,1634396399999,3970919.52500000,4896,10375.32600000,1951186.72150000,0
1634396400000,188.00000000,188.60000000,187.10000000,187.90000000,17749.65000000,1634399999999,3336050.43650000,4809,8502.66300000,1598287.31560000,0
1634400000000,187.90000000,188.60000000,187.10000000,188.10000000,18764.75600000,1634403599999,3525747.83660000,6731,9326.50100000,1752845.62740000,0
1634403600000,188.10000000,188.20000000,185.90000000,187.10000000,31523.48000000,1634407199999,5888772.33220000,8483,11836.23300000,2211209.30880000,0
1634407200000,187.00000000,187.40000000,186.10000000,186.80000000,20068.81000000,1634410799999,3747939.87520000,3901,11435.18900000,2135337.01040000,0
1634410800000,186.80000000,187.60000000,186.40000000,186.70000000,13936.72300000,1634414399999,2606704.74380000,2946,8074.73800000,1510674.39420000,0
1634414400000,186.60000000,187.10000000,185.00000000,186.50000000,25831.00200000,1634417999999,4799518.11080000,7868,9132.98700000,1697522.33530000,0
1634418000000,186.50000000,186.70000000,185.10000000,185.40000000,8046.36100000,1634421599999,1497654.68870000,2690,3694.37000000,687886.01160000,0
1634421600000,185.40000000,187.20000000,185.30000000,186.60000000,10708.15500000,1634425199999,1993333.12290000,3093,5489.04100000,1021904.56690000,0
1634425200000,186.70000000,187.30000000,185.60000000,186.00000000,10961.19000000,1634428799999,2044377.24070000,2702,4896.61700000,913619.85460000,0
1634428800000,186.00000000,186.40000000,183.40000000,185.50000000,30628.72300000,1634432399999,5662700.75170000,11150,12431.32800000,2298978.88750000,0
1634432400000,185.50000000,186.90000000,185.20000000,186.40000000,14194.32700000,1634435999999,2641803.49560000,3483,8218.40400000,1529558.47210000,0
1634436000000,186.40000000,186.90000000,186.00000000,186.50000000,4669.77600000,1634439599999,870719.41790000,2021,2450.06300000,456865.17770000,0
1634439600000,186.50000000,187.70000000,186.40000000,187.30000000,10994.93300000,1634443199999,2058332.26500000,2952,6114.96700000,1145046.58420000,0
1634443200000,187.30000000,187.90000000,186.70000000,187.00000000,8847.98100000,1634446799999,1657983.10800000,2955,3866.41100000,724854.23580000,0
1634446800000,187.00000000,187.30000000,186.40000000,186.70000000,12581.66700000,1634450399999,2350643.35850000,2678,7332.47500000,1370121.21050000,0
1634450400000,186.80000000,187.50000000,186.60000000,186.80000000,6382.08300000,1634453999999,1193770.31580000,2215,3110.15500000,581779.80080000,0
1634454000000,186.80000000,188.10000000,185.30000000,185.40000000,18741.68500000,1634457599999,3502941.85380000,4719,8307.54600000,1554242.12520000,0
1634457600000,185.50000000,186.50000000,185.40000000,186.00000000,11846.43100000,1634461199999,2203247.64440000,3595,5936.12400000,1103887.02800000,0
1634461200000,185.90000000,186.60000000,185.40000000,186.50000000,9699.86200000,1634464799999,1804873.33210000,2953,4793.10300000,892126.85750000,0
1634464800000,186.50000000,186.80000000,185.70000000,186.40000000,9327.36400000,1634468399999,1737544.97540000,2740,4812.46100000,896554.28050000,0
1634468400000,186.30000000,186.90000000,185.10000000,185.10000000,23531.80100000,1634471999999,4376843.45900000,4896,9606.35300000,1787922.04890000,0
1634472000000,185.20000000,185.50000000,183.90000000,185.10000000,23712.90700000,1634475599999,4374086.93750000,6681,10827.27200000,1997788.77370000,0
1634475600000,185.00000000,186.30000000,184.70000000,185.70000000,19756.32600000,1634479199999,3662207.72090000,4960,6882.60900000,1277073.65650000,0
1634479200000,185.80000000,186.10000000,184.90000000,185.60000000,9192.93500000,1634482799999,1704148.05790000,3278,5095.67000000,944738.95870000,0
1634482800000,185.60000000,186.00000000,183.00000000,183.70000000,29405.75000000,1634486399999,5416255.51380000,9253,12025.59400000,2214987.94560000,0
1634486400000,183.70000000,184.30000000,183.30000000,184.10000000,14972.99900000,1634489999999,2751319.99960000,3733,7242.71500000,1331259.31760000,0
1634490000000,184.00000000,184.80000000,183.50000000,184.50000000,8535.89800000,1634493599999,1571757.75740000,2695,5518.82400000,1016540.27160000,0
1634493600000,184.60000000,185.30000000,184.30000000,185.30000000,6043.55700000,1634497199999,1117130.66400000,2335,2959.23300000,547146.79460000,0
1634497200000,185.30000000,185.30000000,183.50000000,184.10000000,15869.19300000,1634500799999,2921264.89010000,3776,6232.95200000,1147895.73680000,0
1634500800000,184.00000000,184.00000000,176.40000000,179.00000000,107217.02500000,1634504399999,19294674.34970000,32519,44457.17500000,7995683.31860000,0
1634504400000,178.90000000,182.20000000,178.50000000,181.90000000,23851.99000000,1634507999999,4299400.67910000,6943,12129.43400000,2186644.72530000,0
1634508000000,181.90000000,184.60000000,181.90000000,183.70000000,32832.79700000,1634511599999,6017225.04470000,9063,17064.51700000,3128425.66080000,0
1634511600000,183.80000000,184.60000000,182.90000000,183.70000000,22164.95300000,1634515199999,4071629.71390000,3982,9907.71500000,1821141.52530000,0
1634515200000,183.80000000,186.30000000,183.50000000,185.90000000,28322.29300000,1634518799999,5241355.86730000,8478,15388.38600000,2847613.43090000,0
1634518800000,186.00000000,186.40000000,185.10000000,185.30000000,26519.99900000,1634522399999,4925602.32280000,4770,13296.44100000,2470343.93940000,0
1634522400000,185.40000000,186.00000000,185.20000000,185.70000000,11074.75800000,1634525999999,2056296.11470000,2484,5814.84200000,1079893.04260000,0
1634526000000,185.70000000,186.40000000,184.50000000,185.90000000,14243.58400000,1634529599999,2643161.82920000,3856,6949.74000000,1290504.86810000,0
1634529600000,185.80000000,187.60000000,185.20000000,187.00000000,30436.44500000,1634533199999,5672128.02420000,8301,17221.90800000,3209573.37000000,0
1634533200000,187.00000000,187.30000000,186.10000000,186.70000000,13953.54400000,1634536799999,2604963.72150000,3812,6329.03700000,1181971.02590000,0
1634536800000,186.70000000,187.10000000,185.90000000,186.10000000,14836.97500000,1634540399999,2766240.42890000,3646,7006.50500000,1306636.60420000,0
1634540400000,186.10000000,186.80000000,184.80000000,185.00000000,21384.52400000,1634543999999,3977794.50030000,5850,10717.58200000,1994343.32040000,0
1634544000000,185.10000000,186.40000000,184.00000000,184.50000000,26265.76900000,1634547599999,4859356.67590000,6685,12615.99500000,2333985.18030000,0
1634547600000,184.50000000,185.30000000,181.40000000,182.90000000,36513.03100000,1634551199999,6707064.44940000,11153,17298.95600000,3178845.44490000,0
1634551200000,182.80000000,182.80000000,180.60000000,182.30000000,42929.44200000,1634554799999,7799740.13100000,11393,23936.75900000,4348863.53090000,0
1634554800000,182.20000000,182.60000000,180.10000000,180.80000000,23973.33500000,1634558399999,4348880.78890000,6813,11730.92900000,2127932.71170000,0
1634558400000,180.90000000,181.70000000,179.30000000,180.80000000,25770.06200000,1634561999999,4653866.60850000,7182,11134.62200000,2011152.08260000,0
1634562000000,180.80000000,186.00000000,178.50000000,184.50000000,64154.49500000,1634565599999,11705240.10130000,22079,34666.46600000,6332233.49930000,0
1634565600000,184.50000000,185.40000000,182.60000000,183.50000000,25154.01000000,1634569199999,4628310.78120000,6365,11431.62000000,2103773.24490000,0
1634569200000,183.40000000,183.80000000,182.00000000,183.60000000,23570.85600000,1634572799999,4312551.91700000,6810,14056.32200000,2572271.35650000,0
1634572800000,183.60000000,184.30000000,181.60000000,182.60000000,17758.48000000,1634576399999,3249558.39640000,5460,7994.38400000,1463683.08330000,0
1634576400000,182.60000000,185.60000000,181.70000000,183.50000000,29291.88100000,1634579999999,5381747.66470000,9379,16317.38600000,2997836.82290000,0
1634580000000,183.60000000,184.50000000,183.00000000,183.80000000,12886.96100000,1634583599999,2368941.81570000,3486,5917.95100000,1087743.88330000,0
1634583600000,183.80000000,184.20000000,182.20000000,184.00000000,16080.75500000,1634587199999,2947308.29060000,5427,7957.80500000,1458926.47820000,0
1634587200000,184.00000000,187.20000000,183.20000000,184.70000000,54397.26100000,1634590799999,10094859.80750000,17154,29202.55500000,5420699.44450000,0
1634590800000,184.80000000,186.00000000,184.20000000,185.80000000,13144.63800000,1634594399999,2433314.33650000,3642,8436.19600000,1562024.36160000,0
1634594400000,185.90000000,185.90000000,184.20000000,185.50000000,10292.66800000,1634597999999,1904634.98540000,2952,4733.00700000,875821.47500000,0
1634598000000,185.60000000,186.20000000,184.90000000,185.60000000,8975.31700000,1634601599999,1664915.63300000,2854,4369.78800000,810707.58050000,0
1634601600000,185.50000000,186.30000000,184.60000000,184.90000000,15378.61700000,1634605199999,2853925.25420000,3347,7602.99200000,1411759.85630000,0
1634605200000,184.90000000,189.00000000,184.80000000,188.60000000,42533.24500000,1634608799999,7973250.30240000,17040,22638.53400000,4242900.86500000,0
1634608800000,188.60000000,189.30000000,187.90000000,188.90000000,20669.73900000,1634612399999,3897523.49490000,6506,11614.42700000,2190382.06250000,0
1634612400000,188.90000000,191.60000000,188.40000000,190.60000000,45395.81800000,1634615999999,8635134.70250000,26114,24732.12500000,4705292.03030000,0
1634616000000,190.60000000,191.30000000,189.80000000,190.10000000,18931.74300000,1634619599999,3609704.86510000,5713,9221.71400000,1758730.68670000,0
1634619600000,190.10000000,190.50000000,189.50000000,189.80000000,15589.92500000,1634623199999,2961041.36140000,4607,8104.64000000,1539620.52400000,0
1634623200000,189.90000000,190.30000000,188.00000000,188.70000000,26974.23500000,1634626799999,5099723.68350000,8986,12403.83800000,2346575.21430000,0
1634626800000,188.70000000,189.00000000,188.00000000,188.50000000,20008.46200000,1634630399999,3770271.95650000,6050,10523.16400000,1983330.44590000,0
1634630400000,188.50000000,189.90000000,187.30000000,189.60000000,34015.35500000,1634633999999,6415950.67940000,10124,16853.32200000,3180212.87930000,0
1634634000000,189.70000000,189.70000000,188.30000000,189.40000000,15962.61000000,1634637599999,3017614.58160000,4119,9039.73000000,1710021.72790000,0
1634637600000,189.50000000,189.60000000,187.50000000,188.20000000,15405.63400000,1634641199999,2904470.04540000,5021,6707.22500000,1264647.23790000,0
1634641200000,188.20000000,188.70000000,187.70000000,188.00000000,14958.37700000,1634644799999,2814919.44110000,4495,7496.15300000,1410890.29820000,0
1634644800000,188.00000000,188.80000000,187.30000000,187.90000000,17915.99500000,1634648399999,3369037.79420000,5405,8734.82900000,1642989.19500000,0
1634648400000,187.90000000,189.80000000,186.80000000,187.10000000,42825.07800000,1634651999999,8062027.39830000,10347,19458.78100000,3665121.23420000,0
1634652000000,187.10000000,187.30000000,183.10000000,185.20000000,69101.84000000,1634655599999,12774997.57030000,23424,30113.41600000,5566931.48270000,0
1634655600000,185.20000000,186.60000000,184.50000000,185.00000000,25525.31800000,1634659199999,4743165.68580000,7353,12383.57800000,2300716.43130000,0
1634659200000,184.90000000,186.20000000,184.90000000,185.60000000,15295.94600000,1634662799999,2837283.60090000,5094,7515.23200000,1394316.79980000,0
1634662800000,185.60000000,187.30000000,185.40000000,186.80000000,22908.13800000,1634666399999,4273467.19070000,5501,13158.27900000,2454636.29140000,0
1634666400000,186.80000000,187.50000000,186.10000000,186.70000000,20378.94100000,1634669999999,3807878.28000000,5189,12015.11100000,2245926.99100000,0
1634670000000,186.70000000,187.30000000,186.10000000,186.40000000,22556.09200000,1634673599999,4209611.12250000,4992,11167.38100000,2084729.39630000,0
1634673600000,186.40000000,186.60000000,185.20000000,186.00000000,19845.04000000,1634677199999,3686887.19140000,4943,9563.27800000,1776490.76990000,0
1634677200000,186.00000000,187.40000000,185.80000000,186.30000000,17387.48600000,1634680799999,3248419.58630000,4131,8687.51200000,1623688.05430000,0
1634680800000,186.20000000,187.80000000,186.20000000,187.40000000,21821.60700000,1634684399999,4083160.36740000,5638,9806.75700000,1835733.50790000,0
1634684400000,187.30000000,189.00000000,187.30000000,188.80000000,17439.44700000,1634687999999,3284425.44330000,6716,10122.79400000,1906421.03700000,0
1634688000000,188.80000000,188.90000000,187.10000000,187.30000000,14964.87300000,1634691599999,2813737.89920000,4484,6418.53700000,1207510.04750000,0
1634691600000,187.40000000,188.30000000,186.60000000,186.70000000,19521.81500000,1634695199999,3661232.22300000,4478,8936.27700000,1676056.57780000,0
1634695200000,186.80000000,187.20000000,186.30000000,186.60000000,12761.16200000,1634698799999,2382797.79440000,3355,6478.81300000,1209998.82900000,0
1634698800000,186.70000000,187.30000000,185.70000000,185.80000000,13980.33100000,1634702399999,2607891.33030000,3529,6005.96900000,1121003.63950000,0
1634702400000,185.80000000,186.80000000,185.60000000,186.50000000,8759.07000000,1634705999999,1630949.66630000,2576,4453.38600000,829553.24290000,0
1634706000000,186.60000000,187.40000000,185.70000000,186.20000000,14487.58300000,1634709599999,2704577.28130000,3548,6389.65100000,1193628.29530000,0
1634709600000,186.10000000,186.80000000,185.90000000,186.10000000,10860.70500000,1634713199999,2023313.97690000,2709,3486.12800000,649541.39170000,0
1634713200000,186.00000000,186.80000000,185.80000000,186.60000000,8531.98400000,1634716799999,1590628.82540000,2611,4269.65600000,796151.68200000,0
1634716800000,186.50000000,188.00000000,186.50000000,187.80000000,28080.80900000,1634720399999,5263635.51810000,6879,16582.04000000,3108593.43760000,0
1634720400000,187.80000000,188.50000000,187.40000000,188.10000000,30367.16100000,1634723999999,5710042.33680000,5608,18952.04200000,3564302.42350000,0
1634724000000,188.10000000,188.20000000,186.90000000,187.30000000,14825.92400000,1634727599999,2780539.27430000,3773,6285.96700000,1179344.41980000,0
1634727600000,187.30000000,190.70000000,187.10000000,189.40000000,41662.64000000,1634731199999,7887478.57580000,17186,22953.91900000,4343093.96260000,0
1634731200000,189.40000000,192.50000000,189.10000000,191.10000000,67762.67700000,1634734799999,12954446.47540000,22487,39813.99700000,7613113.36460000,0
1634734800000,191.10000000,196.40000000,191.10000000,195.80000000,118466.73600000,1634738399999,22999487.06346060,49407,66672.46100000,12944329.28846060,0
1634738400000,195.70000000,200.30000000,195.00000000,198.30000000,159954.64300000,1634741999999,31675829.50740000,55428,83862.04300000,16616920.42420000,0
1634742000000,198.40000000,204.10000000,197.50000000,204.10000000,125424.71200000,1634745599999,25098924.39080000,46007,66248.56000000,13268025.56110000,0
1634745600000,204.10000000,206.70000000,202.40000000,206.50000000,151521.00200000,1634749199999,30977162.28910000,55486,84185.99300000,17215511.20040000,0
1634749200000,206.50000000,209.40000000,205.30000000,206.30000000,86148.06700000,1634752799999,17843499.51160000,41787,41608.05200000,8619347.96450000,0
1634752800000,206.30000000,207.80000000,205.80000000,207.70000000,30100.90700000,1634756399999,6225207.05830000,10955,15584.73000000,3223272.99940000,0
1634756400000,207.70000000,208.80000000,206.40000000,207.00000000,26263.93900000,1634759999999,5449280.65750000,8934,12814.77200000,2659738.47950000,0
1634760000000,207.10000000,208.50000000,203.70000000,207.30000000,58594.96700000,1634763599999,12053265.84450000,20486,25427.34200000,5232814.90440000,0
1634763600000,207.40000000,207.70000000,205.50000000,206.70000000,32938.96300000,1634767199999,6815954.36870000,8724,12491.18500000,2585217.02490000,0
1634767200000,206.70000000,206.90000000,205.50000000,205.80000000,23201.88500000,1634770799999,4782498.94660000,6456,8653.59700000,1783817.79640000,0
1634770800000,205.90000000,207.60000000,205.70000000,207.30000000,22502.26500000,1634774399999,4652803.36400000,6334,10166.64000000,2102415.79820000,0
1634774400000,207.40000000,214.70000000,206.50000000,210.50000000,98997.69500000,1634777999999,20901070.51550000,52985,49292.18400000,10406001.70390000,0
1634778000000,210.50000000,211.30000000,207.00000000,208.00000000,49814.43600000,1634781599999,10455105.73420000,15147,23049.82400000,4838645.40110000,0
1634781600000,207.90000000,208.90000000,204.60000000,208.80000000,57456.24100000,1634785199999,11879989.52590000,21756,28087.93700000,5809873.18120000,0
1634785200000,208.80000000,209.00000000,206.00000000,208.90000000,43373.45500000,1634788799999,8998859.76170000,10470,20341.25400000,4220563.13440000,0
1634788800000,208.80000000,208.90000000,206.50000000,208.40000000,22035.68500000,1634792399999,4576717.44190000,6375,11954.72600000,2483061.95070000,0
1634792400000,208.40000000,210.00000000,207.50000000,209.30000000,32012.61100000,1634795999999,6685883.20790000,9373,18705.63400000,3906569.08070000,0
1634796000000,209.30000000,210.00000000,204.40000000,206.00000000,42033.47200000,1634799599999,8697906.20410000,13679,19463.47000000,4028710.53110000,0
1634799600000,206.00000000,211.80000000,204.80000000,208.50000000,57389.05300000,1634803199999,11959782.80820000,22069,32312.18800000,6734073.53210000,0
1634803200000,208.50000000,209.20000000,207.10000000,208.60000000,27782.40600000,1634806799999,5789758.85280000,9625,13604.28300000,2835834.55580000,0
1634806800000,208.50000000,211.50000000,208.40000000,210.50000000,43697.19700000,1634810399999,9178032.29870000,12477,21402.34200000,4495977.32920000,0
1634810400000,210.40000000,210.60000000,208.80000000,209.20000000,30830.38800000,1634813999999,6465898.55370000,8364,16153.75500000,3388359.80410000,0
1634814000000,209.20000000,211.00000000,202.80000000,204.80000000,112253.41800000,1634817599999,23242172.53410000,29402,49209.03200000,10189635.25820000,0
1634817600000,204.90000000,206.10000000,201.90000000,205.40000000,57366.87300000,1634821199999,11716391.30260000,21021,26225.03200000,5359288.03670000,0
1634821200000,205.50000000,207.70000000,204.60000000,205.30000000,35167.05400000,1634824799999,7256142.42810000,10594,17074.08400000,3524176.97660000,0
1634824800000,205.30000000,206.30000000,199.10000000,200.20000000,102670.43800000,1634828399999,20762373.50540000,28188,43630.76500000,8827322.04330000,0
1634828400000,200.20000000,201.40000000,195.20000000,199.10000000,92241.46400000,1634831999999,18285801.51700000,29807,39570.73200000,7846817.77440000,0
1634832000000,199.00000000,200.70000000,197.40000000,197.80000000,37366.37400000,1634835599999,7452809.58050000,11895,17499.91000000,3491813.85400000,0
1634835600000,197.70000000,199.70000000,196.20000000,196.30000000,37051.40200000,1634839199999,7342594.60420000,10003,16990.51900000,3370956.78570000,0
1634839200000,196.40000000,200.50000000,196.40000000,198.60000000,35941.08500000,1634842799999,7143829.20950000,9980,18158.88100000,3609120.35570000,0
1634842800000,198.60000000,200.70000000,197.90000000,198.40000000,27720.28200000,1634846399999,5526819.35190000,7195,12907.91100000,2575022.30210000,0
1634846400000,198.50000000,199.00000000,196.60000000,198.40000000,34425.76200000,1634849999999,6803428.82150000,8843,17298.79100000,3419323.98240000,0
1634850000000,198.40000000,199.20000000,197.00000000,198.00000000,14176.17000000,1634853599999,2812810.63850000,4925,7297.39600000,1447664.20450000,0
1634853600000,198.00000000,198.90000000,196.60000000,197.00000000,15633.25000000,1634857199999,3093363.74140000,4900,9552.51100000,1890066.52830000,0
1634857200000,197.00000000,198.20000000,196.20000000,196.80000000,21888.02400000,1634860799999,4314112.21930000,6037,9678.67400000,1908511.66090000,0
1634860800000,196.80000000,201.10000000,196.70000000,200.30000000,30572.45600000,1634864399999,6074344.63640000,8976,14443.80500000,2871679.81540000,0
1634864400000,200.20000000,201.40000000,198.20000000,198.40000000,29117.69100000,1634867999999,5826241.17280000,7527,13232.83700000,2647110.77560000,0
1634868000000,198.50000000,199.80000000,198.20000000,199.10000000,13684.85400000,1634871599999,2726028.87210000,3975,6163.76300000,1228221.22680000,0
1634871600000,199.20000000,201.50000000,199.10000000,200.60000000,41685.25700000,1634875199999,8351443.58450000,7792,24755.74700000,4959260.25700000,0
1634875200000,200.60000000,200.60000000,199.10000000,199.40000000,19421.42400000,1634878799999,3879088.67030000,5003,6248.62400000,1248182.02650000,0
1634878800000,199.30000000,200.10000000,197.90000000,200.00000000,25492.67900000,1634882399999,5070940.67310000,6905,12778.42500000,2543087.99570000,0
1634882400000,199.90000000,200.50000000,196.90000000,197.40000000,43101.59300000,1634885999999,8544249.80110000,9823,14656.87300000,2906167.11950000,0
1634886000000,197.50000000,198.60000000,196.60000000,198.50000000,32745.37300000,1634889599999,6468438.31680000,11487,14029.72000000,2772872.41120000,0
1634889600000,198.50000000,200.00000000,198.40000000,199.60000000,24065.72300000,1634893199999,4795200.35920000,9155,14677.58900000,2924709.65050000,0
1634893200000,199.70000000,200.00000000,197.90000000,198.40000000,17849.90700000,1634896799999,3551327.79670000,6244,7539.34200000,1500615.94520000,0
1634896800000,198.40000000,198.70000000,197.10000000,197.80000000,23580.00800000,1634900399999,4664792.77290000,6843,9949.91600000,1968945.21810000,0
1634900400000,197.80000000,199.10000000,197.50000000,198.90000000,15173.61200000,1634903999999,3011328.97070000,5085,8326.00200000,1652584.57790000,0
1634904000000,198.90000000,199.60000000,197.90000000,199.20000000,22977.07500000,1634907599999,4561811.39780000,5594,10985.23800000,2181722.12100000,0
1634907600000,199.20000000,199.60000000,196.40000000,196.50000000,24055.26000000,1634911199999,4768683.21220000,7893,10083.21200000,1998897.52280000,0
1634911200000,196.60000000,196.60000000,192.40000000,195.00000000,84064.45800000,1634914799999,16314783.78720000,25439,37158.80800000,7212059.90490000,0
1634914800000,195.00000000,195.90000000,192.50000000,192.80000000,50853.76300000,1634918399999,9854746.82810000,11766,22944.08900000,4448651.21630000,0
1634918400000,192.70000000,194.60000000,190.10000000,194.10000000,78890.40000000,1634921999999,15201563.19300000,24510,36158.22400000,6973290.88850000,0
1634922000000,194.20000000,195.00000000,192.10000000,192.20000000,29089.74900000,1634925599999,5625466.75090000,7760,14314.14200000,2768016.87930000,0
1634925600000,192.20000000,193.80000000,191.90000000,193.10000000,20432.98900000,1634929199999,3939173.97070000,5996,9119.56100000,1758268.84050000,0
1634929200000,193.00000000,193.10000000,191.70000000,193.00000000,16595.75700000,1634932799999,3195467.17120000,4992,8377.95700000,1613214.38320000,0
1634932800000,193.00000000,193.50000000,192.20000000,192.30000000,12837.19600000,1634936399999,2475301.60180000,4317,5661.87500000,1092043.44790000,0
1634936400000,192.30000000,192.70000000,189.20000000,189.40000000,26609.16200000,1634939999999,5074331.21110000,11703,9963.86800000,1900567.60860000,0
1634940000000,189.30000000,191.60000000,187.90000000,191.10000000,39177.12400000,1634943599999,7432635.21700000,12641,16604.65900000,3154412.95320000,0
1634943600000,191.10000000,191.60000000,190.70000000,191.00000000,9772.59500000,1634947199999,1867671.21440000,3000,4506.51800000,861263.95950000,0
1634947200000,191.00000000,192.70000000,189.40000000,192.60000000,20822.69900000,1634950799999,3972615.25120000,6716,11923.58200000,2275351.34780000,0
1634950800000,192.60000000,193.30000000,192.20000000,193.00000000,16721.31100000,1634954399999,3223310.69520000,5706,9692.80700000,1869285.97220000,0
1634954400000,193.00000000,193.60000000,192.50000000,193.00000000,14473.47000000,1634957999999,2793739.55710000,3750,6363.23400000,1228689.88530000,0
1634958000000,193.10000000,193.70000000,192.40000000,193.70000000,10748.73700000,1634961599999,2074593.64830000,3274,5322.50300000,1027906.99690000,0
1634961600000,193.60000000,194.90000000,193.30000000,194.00000000,18408.42000000,1634965199999,3574884.59500000,7419,10058.92900000,1953439.68680000,0
1634965200000,193.90000000,194.30000000,192.90000000,193.20000000,17505.21700000,1634968799999,3387788.52560000,4524,6734.02300000,1303504.58210000,0
1634968800000,193.30000000,193.60000000,191.90000000,193.60000000,20284.59800000,1634972399999,3912171.04590000,4262,12687.33300000,2447284.12520000,0
1634972400000,193.60000000,193.70000000,192.40000000,193.10000000,12137.09100000,1634975999999,2342300.50480000,3248,5970.73600000,1152296.39580000,0
1634976000000,193.10000000,193.70000000,192.70000000,193.10000000,11963.76000000,1634979599999,2311674.14460000,2962,6666.42200000,1288645.70700000,0
1634979600000,193.20000000,193.60000000,191.00000000,192.00000000,10666.87500000,1634983199999,2047882.61480000,4550,4478.68900000,860331.41810000,0
1634983200000,192.00000000,192.50000000,190.00000000,190.00000000,10525.16100000,1634986799999,2012520.19560000,4821,5039.60200000,964017.37620000,0
1634986800000,190.10000000,194.40000000,188.70000000,194.10000000,45308.58900000,1634990399999,8698380.06340000,15758,23403.10900000,4499183.22490000,0
1634990400000,194.20000000,195.20000000,193.70000000,194.70000000,19062.34000000,1634993999999,3707059.61420000,6112,9068.60300000,1764109.52180000,0
1634994000000,194.70000000,198.00000000,194.10000000,197.10000000,28454.25800000,1634997599999,5565153.43070000,14503,15372.49300000,3006281.93420000,0
1634997600000,197.20000000,197.60000000,195.30000000,195.60000000,37914.55700000,1635001199999,7443568.04910000,9901,19930.16200000,3913491.37700000,0
1635001200000,195.60000000,196.70000000,194.10000000,196.10000000,22564.10600000,1635004799999,4414650.76920000,7049,12233.59000000,2395143.94650000,0
1635004800000,196.10000000,196.80000000,195.30000000,195.80000000,22406.46300000,1635008399999,4392396.27780000,5903,13304.07100000,2608585.27470000,0
1635008400000,195.70000000,196.20000000,195.10000000,195.70000000,12979.20500000,1635011999999,2539217.38200000,4549,6551.95100000,1281986.14010000,0
1635012000000,195.70000000,196.40000000,195.00000000,195.40000000,10199.85100000,1635015599999,1996347.73940000,3478,4988.28500000,976668.02400000,0
1635015600000,195.40000000,195.50000000,194.20000000,195.10000000,11342.10500000,1635019199999,2208878.83430000,3102,5146.99700000,1002439.85130000,0
1635019200000,195.00000000,195.50000000,194.40000000,195.20000000,9450.13700000,1635022799999,1842427.80640000,2865,4524.57500000,882369.02260000,0
1635022800000,195.30000000,195.50000000,194.60000000,195.00000000,9814.28500000,1635026399999,1914088.53330000,2539,6262.91200000,1221591.99210000,0
1635026400000,194.90000000,196.30000000,194.70000000,195.10000000,8702.47400000,1635029999999,1702464.25640000,2875,4849.10800000,948844.50380000,0
1635030000000,195.10000000,196.60000000,194.70000000,196.30000000,10653.95500000,1635033599999,2085075.24330000,3047,5826.96800000,1140460.08100000,0
1635033600000,196.30000000,197.70000000,195.60000000,195.90000000,19698.33600000,1635037199999,3869648.53030000,5551,7775.90000000,1528478.19900000,0
1635037200000,195.90000000,196.30000000,195.30000000,195.60000000,10060.05000000,1635040799999,1969243.19990000,2385,4416.69400000,864779.97560000,0
1635040800000,195.50000000,196.30000000,194.70000000,196.20000000,16978.01600000,1635044399999,3315510.63620000,5621,7373.92100000,1440445.58740000,0
1635044400000,196.30000000,199.90000000,195.80000000,198.30000000,33221.79400000,1635047999999,6587868.87210000,15032,17691.61700000,3507231.54010000,0
1635048000000,198.30000000,198.60000000,197.10000000,197.50000000,13852.74100000,1635051599999,2739554.01100000,3392,5677.29400000,1123153.64830000,0
1635051600000,197.60000000,197.90000000,196.60000000,196.70000000,15554.83500000,1635055199999,3067188.96010000,3623,7267.98200000,1433612.26380000,0
1635055200000,196.60000000,197.00000000,195.00000000,195.70000000,15602.47500000,1635058799999,3057788.05960000,6205,7389.42100000,1447987.54960000,0
1635058800000,195.60000000,196.30000000,195.00000000,196.20000000,12005.23600000,1635062399999,2349903.83570000,3650,6961.12500000,1363156.05620000,0
1635062400000,196.30000000,196.50000000,193.80000000,194.60000000,20025.80100000,1635065999999,3901776.43640000,6478,7052.38300000,1374118.84050000,0
1635066000000,194.50000000,197.10000000,194.30000000,195.50000000,16514.61900000,1635069599999,3238592.46890000,5204,8349.43700000,1637401.14630000,0
1635069600000,195.50000000,197.30000000,195.40000000,196.30000000,8145.35900000,1635073199999,1600154.45790000,3599,4738.05800000,930699.73190000,0
1635073200000,196.30000000,196.40000000,192.50000000,193.00000000,38018.49300000,1635076799999,7384831.95420000,11842,16493.71300000,3203535.71090000,0
1635076800000,193.00000000,193.60000000,190.90000000,193.10000000,37252.85400000,1635080399999,7158102.19810000,12341,16061.79000000,3087379.12140000,0
1635080400000,193.10000000,194.00000000,192.70000000,192.90000000,20049.56100000,1635083999999,3877415.91940000,5676,9096.94200000,1759560.90930000,0
1635084000000,192.80000000,193.50000000,191.50000000,191.80000000,15520.57200000,1635087599999,2988297.67050000,4525,6156.02400000,1186191.13630000,0
1635087600000,191.80000000,192.40000000,189.00000000,189.10000000,52260.06200000,1635091199999,9959593.06460000,15695,28380.15900000,5411825.97910000,0
1635091200000,189.10000000,189.30000000,185.80000000,188.80000000,67976.15900000,1635094799999,12748952.62090000,19453,32666.95000000,6130752.39430000,0
1635094800000,188.80000000,189.40000000,188.10000000,188.70000000,16033.29500000,1635098399999,3026365.34210000,5706,7556.18600000,1427197.06200000,0
1635098400000,188.60000000,188.60000000,185.20000000,187.00000000,41162.62600000,1635101999999,7678139.42900000,10452,19519.58200000,3640889.54230000,0
1635102000000,187.00000000,188.90000000,186.40000000,188.60000000,23883.44600000,1635105599999,4479789.61410000,5701,13331.87800000,2500762.19450000,0
1635105600000,188.70000000,189.80000000,188.30000000,189.40000000,27582.46200000,1635109199999,5213435.42120000,6927,14213.94300000,2687331.11920000,0
1635109200000,189.50000000,190.30000000,189.10000000,190.00000000,22638.02300000,1635112799999,4294760.03730000,5986,9646.06000000,1830671.93870000,0
1635112800000,189.90000000,190.60000000,189.40000000,190.00000000,11253.09000000,1635116399999,2137422.29510000,3311,5743.41000000,1091232.48890000,0
1635116400000,190.00000000,190.90000000,189.20000000,190.40000000,12914.15500000,1635119999999,2454024.20030000,3824,6325.78300000,1202402.11770000,0
1635120000000,190.40000000,192.70000000,189.60000000,192.60000000,14902.67100000,1635123599999,2850658.48850000,6673,7463.88300000,1427824.91170000,0
1635123600000,192.60000000,193.30000000,192.50000000,192.90000000,12721.73900000,1635127199999,2453562.19870000,5041,6536.77800000,1260819.76080000,0
1635127200000,193.10000000,193.70000000,192.10000000,193.70000000,10526.51000000,1635130799999,2029284.70090000,3504,4778.74200000,921324.42380000,0
1635130800000,193.60000000,194.70000000,193.20000000,193.70000000,15770.85300000,1635134399999,3057249.09940000,5208,9687.42900000,1878329.17800000,0
1635134400000,193.70000000,194.40000000,193.40000000,194.10000000,12952.07900000,1635137999999,2510825.22370000,3441,6562.40300000,1272398.93600000,0
1635138000000,194.20000000,194.20000000,193.00000000,193.30000000,11275.20700000,1635141599999,2182747.13280000,3166,5587.45600000,1082184.97960000,0
1635141600000,193.30000000,193.80000000,192.90000000,193.20000000,10340.31600000,1635145199999,1998186.36630000,2922,4302.18500000,831438.05700000,0
1635145200000,193.20000000,195.00000000,193.10000000,194.20000000,28570.65600000,1635148799999,5551432.66750000,5969,16239.64100000,3155379.08100000,0
1635148800000,194.30000000,194.60000000,193.90000000,194.20000000,13958.06200000,1635152399999,2710363.70720000,3865,6012.33600000,1167734.27900000,0
1635152400000,194.20000000,195.90000000,193.70000000,195.80000000,29158.62800000,1635155999999,5672585.53520000,6608,9948.55900000,1934917.49130000,0
1635156000000,195.90000000,196.20000000,194.30000000,195.40000000,30790.37900000,1635159599999,6000519.72260000,8293,11735.81600000,2287892.97870000,0
1635159600000,195.30000000,196.80000000,194.60000000,195.70000000,30044.24100000,1635163199999,5879303.86150000,8577,14110.61000000,2761807.38420000,0
1635163200000,195.70000000,196.10000000,194.70000000,195.10000000,15187.59000000,1635166799999,2970357.76330000,4991,7351.65600000,1438070.94390000,0
1635166800000,195.10000000,196.10000000,194.30000000,195.90000000,19868.85300000,1635170399999,3880031.73490000,5944,10646.42700000,2080645.34100000,0
1635170400000,195.90000000,196.20000000,194.90000000,195.50000000,21750.81500000,1635173999999,4252688.19020000,5546,10473.73100000,2048238.60400000,0
1635174000000,195.40000000,196.70000000,195.00000000,196.40000000,19910.74200000,1635177599999,3893238.98590000,5763,8934.98300000,1747781.20160000,0
1635177600000,196.30000000,196.70000000,195.60000000,196.60000000,20845.01000000,1635181199999,4088569.32910000,5843,11378.87500000,2232758.54630000,0
1635181200000,196.50000000,197.40000000,194.90000000,195.40000000,32615.02500000,1635184799999,6387647.39880000,10199,14688.36600000,2877296.64370000,0
1635184800000,195.30000000,195.60000000,194.40000000,195.20000000,22537.91300000,1635188399999,4392203.53760000,5791,5965.25700000,1163047.71390000,0
1635188400000,195.20000000,195.20000000,193.90000000,194.30000000,19815.10300000,1635191999999,3849626.12110000,5972,8718.08100000,1694236.15130000,0
1635192000000,194.40000000,195.00000000,194.20000000,194.40000000,9200.36900000,1635195599999,1790084.02940000,3805,4728.55100000,920116.14590000,0
1635195600000,194.30000000,195.50000000,194.20000000,194.50000000,11701.30700000,1635199199999,2278581.76060000,3584,5367.48900000,1045876.90950000,0
1635199200000,194.40000000,195.60000000,194.40000000,195.60000000,10242.79800000,1635202799999,1997240.88850000,3425,5521.57900000,1076928.69310000,0
1635202800000,195.50000000,195.80000000,195.10000000,195.50000000,10434.95600000,1635206399999,2039424.77840000,3092,5062.15200000,989449.69060000,0
1635206400000,195.50000000,196.70000000,194.60000000,195.80000000,19954.72400000,1635209999999,3906222.08500000,5502,10015.84300000,1962302.01620000,0
1635210000000,195.80000000,195.90000000,195.00000000,195.10000000,13123.60500000,1635213599999,2565049.36200000,3683,7651.75200000,1495941.61600000,0
1635213600000,195.10000000,196.10000000,195.00000000,195.70000000,8717.58000000,1635217199999,1704606.23710000,3067,4687.62000000,916571.36250000,0
1635217200000,195.60000000,197.30000000,195.60000000,196.80000000,16145.98100000,1635220799999,3174040.44670000,5747,9508.29900000,1869705.79410000,0
1635220800000,196.70000000,197.50000000,195.60000000,196.00000000,15816.96400000,1635224399999,3109288.97900000,5084,7319.64600000,1439841.58150000,0
1635224400000,196.00000000,196.70000000,195.50000000,195.60000000,9566.22900000,1635227999999,1876148.74300000,3071,3734.53600000,732494.17840000,0
1635228000000,195.60000000,195.70000000,194.60000000,195.20000000,9896.68000000,1635231599999,1932237.47490000,4189,4145.66500000,809607.22460000,0
1635231600000,195.20000000,195.40000000,194.50000000,195.30000000,15971.14900000,1635235199999,3114138.36230000,4105,7784.46500000,1518182.03950000,0
1635235200000,195.30000000,196.80000000,195.20000000,196.10000000,18432.80900000,1635238799999,3616275.70500000,5272,9387.37100000,1842391.39360000,0
1635238800000,196.20000000,196.20000000,195.40000000,195.60000000,9606.99900000,1635242399999,1880008.19480000,3632,5372.03000000,1051515.21820000,0
1635242400000,195.70000000,195.80000000,194.60000000,195.40000000,19687.47900000,1635245999999,3840891.17340000,5589,8387.11000000,1636670.88040000,0
1635246000000,195.30000000,195.60000000,194.50000000,194.80000000,12844.41500000,1635249599999,2503429.10800000,4105,5835.46800000,1137786.72740000,0
1635249600000,194.70000000,195.50000000,193.90000000,194.80000000,25367.25000000,1635253199999,4934109.12770000,6893,9362.24200000,1822946.92590000,0
1635253200000,194.90000000,195.20000000,193.40000000,193.70000000,16053.29000000,1635256799999,3120199.54570000,6657,6698.28200000,1302631.85170000,0
1635256800000,193.70000000,193.80000000,190.30000000,191.60000000,51229.11100000,1635260399999,9816987.45930000,18830,25828.53500000,4948977.13790000,0
1635260400000,191.60000000,193.30000000,191.30000000,193.00000000,19991.00400000,1635263999999,3841693.51470000,6644,10506.14600000,2020618.42460000,0
1635264000000,193.00000000,193.30000000,191.50000000,191.90000000,27579.22700000,1635267599999,5302292.57010000,6518,9637.60900000,1854718.15440000,0
1635267600000,192.00000000,193.50000000,191.60000000,193.30000000,10467.79200000,1635271199999,2017210.95990000,4456,5928.50800000,1142634.49930000,0
1635271200000,193.40000000,193.60000000,192.80000000,193.40000000,9479.28800000,1635274799999,1830992.26750000,4179,4643.01700000,896980.09360000,0
1635274800000,193.30000000,194.20000000,193.10000000,193.80000000,11760.48900000,1635278399999,2277601.25250000,5609,6351.24100000,1230462.33650000,0
1635278400000,193.80000000,196.30000000,193.30000000,196.00000000,28407.68000000,1635281999999,5535260.48100000,11737,13890.28100000,2709504.90030000,0
1635282000000,196.10000000,196.80000000,194.40000000,194.90000000,35677.78500000,1635285599999,6983850.41320000,14048,18529.37200000,3628292.37620000,0
1635285600000,194.90000000,195.40000000,191.00000000,192.50000000,70644.72300000,1635289199999,13597383.48100000,25417,28929.27100000,5574059.67290000,0
1635289200000,192.40000000,199.40000000,191.80000000,197.60000000,94730.40200000,1635292799999,18636766.34220000,46020,51052.71500000,10040286.15600000,0
1635292800000,197.50000000,202.00000000,196.80000000,201.70000000,57859.63300000,1635296399999,11525593.70950000,26940,31886.17800000,6353364.58120000,0
1635296400000,201.70000000,204.90000000,199.40000000,199.80000000,75821.66300000,1635299999999,15343996.84890000,41183,40168.15400000,8133320.19270000,0
1635300000000,199.90000000,203.60000000,199.90000000,203.20000000,33066.71200000,1635303599999,6681563.75740000,8965,17406.55400000,3517220.11520000,0
1635303600000,203.30000000,205.00000000,202.40000000,202.50000000,32126.23300000,1635307199999,6546710.12440000,12051,14141.11300000,2882664.20400000,0
1635307200000,202.50000000,204.50000000,202.00000000,202.90000000,35875.28400000,1635310799999,7292924.73470000,9663,16534.88400000,3363009.76590000,0
1635310800000,203.00000000,203.20000000,201.10000000,201.40000000,24769.44900000,1635314399999,5006641.10270000,8299,12035.28200000,2432883.10710000,0
1635314400000,201.40000000,201.90000000,198.80000000,199.30000000,38972.30600000,1635317999999,7790787.49180000,13760,18219.51900000,3641246.18600000,0
1635318000000,199.30000000,199.30000000,190.80000000,190.90000000,89189.09800000,1635321599999,17344666.39480000,33524,37971.26900000,7378905.03020000,0
1635321600000,190.90000000,191.00000000,171.10000000,184.50000000,317595.06600000,1635325199999,57865322.08770000,91840,139225.43200000,25352331.92600000,0
1635325200000,184.50000000,185.90000000,180.40000000,184.10000000,138511.15400000,1635328799999,25404305.21730000,48571,65031.44900000,11933952.17340000,0
1635328800000,184.00000000,184.40000000,180.00000000,182.80000000,88025.86600000,1635332399999,16093126.19070000,23109,45486.39200000,8318621.51160000,0
1635332400000,182.70000000,186.50000000,182.20000000,184.50000000,74083.01200000,1635335999999,13669884.21340000,21482,42092.81100000,7768909.37120000,0
1635336000000,184.50000000,188.00000000,182.60000000,186.00000000,73306.08900000,1635339599999,13607998.13100000,22379,39583.35300000,7350482.11240000,0
1635339600000,186.00000000,186.60000000,183.70000000,184.00000000,34146.92400000,1635343199999,6325997.97380000,9268,16130.86300000,2991511.12150000,0
1635343200000,183.90000000,186.80000000,182.40000000,185.60000000,32257.35200000,1635346799999,5944823.13630000,10959,16392.91700000,3022061.30530000,0
1635346800000,185.50000000,186.00000000,182.10000000,182.60000000,25612.90700000,1635350399999,4714489.05650000,9006,11539.94000000,2124839.11000000,0
1635350400000,182.50000000,184.20000000,181.50000000,183.50000000,28039.42100000,1635353999999,5124089.82520000,8536,12711.03200000,2323770.47690000,0
1635354000000,183.50000000,184.60000000,182.20000000,182.50000000,16886.59300000,1635357599999,3100246.55920000,5594,9279.57300000,1703748.27970000,0
1635357600000,182.50000000,185.30000000,182.40000000,182.90000000,31160.04800000,1635361199999,5729653.45140000,8451,18769.11400000,3451192.52070000,0
1635361200000,182.90000000,184.90000000,181.80000000,184.90000000,42656.30200000,1635364799999,7817974.66850000,11287,22029.99100000,4037937.24430000,0
1635364800000,184.90000000,185.50000000,182.50000000,183.60000000,20293.86800000,1635368399999,3732787.00450000,6521,10070.13700000,1851639.39660000,0
1635368400000,183.60000000,184.40000000,183.10000000,183.70000000,10994.57200000,1635371999999,2021570.29650000,3525,5016.79500000,922633.31310000,0
1635372000000,183.60000000,184.20000000,181.60000000,182.80000000,12538.39000000,1635375599999,2293017.82280000,4550,6156.15500000,1125830.68700000,0
1635375600000,182.80000000,183.80000000,178.80000000,179.30000000,46933.98400000,1635379199999,8479592.50030000,11552,20596.65800000,3723060.47580000,0
1635379200000,179.20000000,183.40000000,178.40000000,178.40000000,40538.74600000,1635382799999,7339221.38430000,11739,21444.45000000,3885668.51740000,0
1635382800000,178.40000000,182.50000000,177.60000000,182.10000000,35990.60100000,1635386399999,6494221.64430000,10124,15383.49700000,2779747.85440000,0
1635386400000,182.10000000,182.10000000,180.50000000,181.70000000,20610.05100000,1635389999999,3736106.98180000,4601,9236.03100000,1674094.42810000,0
1635390000000,181.70000000,183.10000000,181.40000000,182.10000000,15502.67600000,1635393599999,2824999.97190000,6092,8757.00400000,1596122.78600000,0
1635393600000,182.20000000,183.60000000,181.10000000,181.40000000,20094.95100000,1635397199999,3661521.76510000,6009,10143.13900000,1847960.84180000,0
1635397200000,181.40000000,183.80000000,181.30000000,183.20000000,33079.73800000,1635400799999,6037099.09750000,7853,15682.94600000,2862752.33990000,0
1635400800000,183.20000000,184.80000000,180.70000000,183.90000000,46566.07800000,1635404399999,8521675.02640000,12257,24439.28300000,4474023.91570000,0
1635404400000,183.90000000,184.30000000,182.40000000,183.00000000,32854.28600000,1635407999999,6015529.32530000,6228,18339.46700000,3357797.89850000,0
1635408000000,183.00000000,188.30000000,183.00000000,188.30000000,44353.19200000,1635411599999,8238036.51750000,16485,24246.81700000,4507838.21190000,0
1635411600000,188.30000000,189.00000000,185.60000000,188.40000000,43725.87400000,1635415199999,8198618.93340000,15759,25685.76300000,4817254.39010000,0
1635415200000,188.40000000,190.00000000,187.50000000,188.40000000,35604.51400000,1635418799999,6710845.96240000,11267,20253.40600000,3816912.38320000,0
1635418800000,188.40000000,189.00000000,186.60000000,187.40000000,22545.09900000,1635422399999,4229726.95970000,7105,10282.12400000,1929301.34360000,0
1635422400000,187.30000000,188.40000000,186.90000000,187.60000000,24677.80300000,1635425999999,4628657.23960000,6397,11902.82600000,2233592.94460000,0
1635426000000,187.70000000,189.30000000,187.00000000,188.30000000,18530.25700000,1635429599999,3486512.60670000,6388,9934.46800000,1869305.99810000,0
1635429600000,188.30000000,188.50000000,187.00000000,188.00000000,19358.67400000,1635433199999,3630627.71460000,5454,9293.70600000,1743238.69480000,0
1635433200000,188.00000000,188.40000000,187.30000000,187.90000000,15736.95700000,1635436799999,2955790.96900000,5322,8553.20800000,1606600.43950000,0
1635436800000,187.90000000,188.60000000,187.40000000,187.50000000,18702.94500000,1635440399999,3514837.17460000,5324,9065.37700000,1704668.46080000,0
1635440400000,187.40000000,189.10000000,187.00000000,188.10000000,19807.90700000,1635443999999,3725388.38540000,6798,10012.92000000,1884022.63900000,0
1635444000000,188.10000000,189.90000000,184.60000000,188.60000000,73602.85300000,1635447599999,13804406.34380000,20979,36811.63700000,6904799.14880000,0
1635447600000,188.70000000,193.40000000,186.90000000,192.90000000,50730.15300000,1635451199999,9656159.01760000,23858,27015.84700000,5143649.22800000,0
1635451200000,193.00000000,194.50000000,191.40000000,192.40000000,37930.92300000,1635454799999,7314406.71650000,15370,18776.81800000,3621293.69210000,0
1635454800000,192.30000000,192.40000000,190.20000000,190.90000000,18662.56100000,1635458399999,3566621.31700000,7619,9408.62200000,1797804.20690000,0
1635458400000,190.90000000,191.60000000,189.70000000,190.50000000,15399.46600000,1635461999999,2935652.33370000,4851,7365.14900000,1404418.87720000,0
1635462000000,190.60000000,191.00000000,189.30000000,189.80000000,17784.43000000,1635465599999,3379439.25940000,4945,8585.35000000,1631039.41150000,0
1635465600000,189.80000000,193.30000000,188.10000000,193.00000000,44677.03200000,1635469199999,8517433.34460000,13439,21863.50200000,4175821.15900000,0
1635469200000,193.00000000,194.80000000,192.20000000,193.10000000,40201.38300000,1635472799999,7772039.58250000,13950,18947.72000000,3664047.19470000,0
1635472800000,193.00000000,194.40000000,192.90000000,193.20000000,12548.71500000,1635476399999,2430266.46200000,4100,5842.74500000,1131559.08860000,0
1635476400000,193.30000000,194.00000000,192.00000000,193.00000000,13205.86400000,1635479999999,2547899.02620000,4768,5469.86200000,1055504.01230000,0
1635480000000,192.90000000,193.40000000,192.20000000,192.70000000,9831.28200000,1635483599999,1896888.88540000,3682,4736.00300000,914046.58500000,0
1635483600000,192.60000000,193.10000000,190.40000000,191.10000000,25714.55600000,1635487199999,4923542.91040000,8355,11152.67300000,2135873.33960000,0
1635487200000,191.20000000,192.70000000,190.60000000,192.30000000,14252.43000000,1635490799999,2733449.28160000,4620,6764.98000000,1298097.31260000,0
1635490800000,192.20000000,192.70000000,190.10000000,190.40000000,22219.05600000,1635494399999,4249143.94060000,6619,10720.62200000,2049888.12520000,0
1635494400000,190.40000000,192.80000000,189.00000000,192.50000000,26717.03000000,1635497999999,5095092.16580000,10468,12970.19400000,2475321.03020000,0
1635498000000,192.40000000,194.40000000,192.00000000,192.50000000,25129.77700000,1635501599999,4854752.91870000,9849,12352.76900000,2387741.20450000,0
1635501600000,192.40000000,193.50000000,190.90000000,192.00000000,17593.05300000,1635505199999,3378944.88560000,6192,9114.18900000,1750701.25720000,0
1635505200000,191.90000000,192.40000000,189.30000000,190.90000000,24552.99000000,1635508799999,4682924.71990000,8824,13295.25300000,2536484.34290000,0
1635508800000,190.90000000,192.70000000,190.00000000,190.90000000,23243.61400000,1635512399999,4450578.27210000,7241,11284.29200000,2161293.79690000,0
1635512400000,191.00000000,192.70000000,190.20000000,192.50000000,16919.24300000,1635515999999,3238682.74620000,5240,9972.38000000,1909448.99440000,0
1635516000000,192.50000000,192.90000000,191.00000000,191.30000000,17195.68300000,1635519599999,3295977.21970000,5583,8387.98700000,1608116.86770000,0
1635519600000,191.30000000,195.60000000,191.10000000,194.90000000,38595.17200000,1635523199999,7482489.24450000,19017,21379.01800000,4146122.63180000,0
1635523200000,194.90000000,196.70000000,194.20000000,195.50000000,45402.29900000,1635526799999,8871543.39970000,15661,23780.65100000,4647511.54520000,0
1635526800000,195.50000000,195.90000000,194.60000000,195.60000000,34740.86100000,1635530399999,6787340.96870000,9569,18614.14000000,3637233.17660000,0
1635530400000,195.60000000,195.80000000,193.60000000,194.10000000,20946.86500000,1635533999999,4079976.92610000,6602,8822.52100000,1719208.73640000,0
1635534000000,194.00000000,195.20000000,193.40000000,194.90000000,16873.93000000,1635537599999,3275489.46390000,5391,8923.70400000,1732862.85700000,0
1635537600000,195.00000000,195.80000000,194.30000000,194.70000000,22274.47400000,1635541199999,4344917.57460000,4810,10680.07800000,2083518.06940000,0
1635541200000,194.60000000,195.40000000,194.40000000,194.40000000,6430.84500000,1635544799999,1252517.54640000,2901,3422.80300000,666776.05120000,0
1635544800000,194.40000000,198.70000000,193.80000000,198.00000000,44379.63400000,1635548399999,8715615.48760000,21155,22895.89100000,4499363.36380000,0
1635548400000,198.00000000,198.10000000,195.60000000,196.70000000,17448.81200000,1635551999999,3429803.60460000,6749,8363.66600000,1643656.48270000,0
1635552000000,196.70000000,197.30000000,193.60000000,194.20000000,28797.30900000,1635555599999,5626951.75680000,9686,11196.41200000,2189554.03290000,0
1635555600000,194.30000000,194.90000000,192.90000000,193.40000000,15990.97000000,1635559199999,3099398.96470000,5429,6916.19100000,1341383.48640000,0
1635559200000,193.40000000,193.70000000,192.40000000,193.00000000,11842.81800000,1635562799999,2286545.80130000,4636,4577.23900000,883809.89380000,0
1635562800000,192.90000000,193.20000000,191.60000000,192.00000000,18190.65700000,1635566399999,3497327.67510000,5061,8484.04900000,1631498.77680000,0
1635566400000,191.90000000,193.00000000,191.60000000,192.10000000,12228.18000000,1635569999999,2350539.41600000,3614,6698.92900000,1287791.32940000,0
1635570000000,192.00000000,192.90000000,191.60000000,192.80000000,12279.62100000,1635573599999,2361343.37160000,4061,6339.73400000,1219341.96350000,0
1635573600000,192.70000000,194.00000000,192.30000000,193.10000000,15800.24300000,1635577199999,3049641.79730000,4519,7653.90500000,1477734.80370000,0
1635577200000,193.10000000,193.90000000,192.50000000,193.30000000,15132.59900000,1635580799999,2922517.92050000,4329,7158.04800000,1382759.73180000,0
1635580800000,193.30000000,193.60000000,191.00000000,191.80000000,16798.98100000,1635584399999,3228101.23770000,6439,7251.26500000,1393816.01890000,0
1635584400000,191.80000000,193.50000000,191.40000000,192.20000000,11038.89100000,1635587999999,2126379.65940000,4586,6378.06400000,1228578.37470000,0
1635588000000,192.20000000,193.70000000,192.00000000,193.30000000,11433.22400000,1635591599999,2203323.53720000,4397,6322.13100000,1218444.16070000,0
1635591600000,193.40000000,194.00000000,192.80000000,193.80000000,11576.06400000,1635595199999,2238708.60900000,4131,5524.97500000,1068737.51080000,0
1635595200000,193.70000000,193.80000000,192.20000000,193.20000000,13529.45500000,1635598799999,2612440.28610000,4555,6052.80700000,1168922.40260000,0
1635598800000,193.10000000,194.10000000,191.00000000,192.40000000,22152.52200000,1635602399999,4262928.45110000,7983,11007.41400000,2118021.37300000,0
1635602400000,192.30000000,192.70000000,188.80000000,190.30000000,45958.91100000,1635605999999,8751354.99830000,15241,19416.38000000,3697875.47290000,0
1635606000000,190.20000000,192.40000000,190.10000000,192.40000000,22474.98200000,1635609599999,4304885.09620000,6990,12507.50600000,2395866.46030000,0
1635609600000,192.30000000,192.80000000,189.60000000,190.30000000,22062.27100000,1635613199999,4225579.65060000,6562,10424.19400000,1997661.70200000,0
1635613200000,190.40000000,191.80000000,189.90000000,191.00000000,16915.34400000,1635616799999,3230023.44830000,4587,10561.51000000,2016787.63320000,0
1635616800000,191.10000000,192.00000000,191.00000000,191.90000000,8315.61600000,1635620399999,1593771.98170000,3298,3489.91800000,669005.57320000,0
1635620400000,191.90000000,192.60000000,191.30000000,191.90000000,11863.70600000,1635623999999,2275590.80940000,4223,6171.38100000,1183918.73630000,0
1635624000000,191.80000000,192.40000000,191.30000000,191.50000000,9619.36200000,1635627599999,1845958.85900000,3335,4642.31300000,891072.69010000,0
1635627600000,191.50000000,191.50000000,190.10000000,190.30000000,11285.23600000,1635631199999,2152981.88310000,3816,4368.62400000,833438.14900000,0
1635631200000,190.30000000,190.90000000,186.60000000,189.00000000,30703.41200000,1635634799999,5790656.89510000,12316,13184.31300000,2486050.93490000,0
1635634800000,189.00000000,190.40000000,188.50000000,190.20000000,19381.24600000,1635638399999,3672921.24640000,5969,10188.01600000,1931411.81760000,0
1635638400000,190.20000000,192.40000000,189.40000000,191.70000000,24321.98700000,1635641999999,4648861.48110000,7893,12044.59100000,2302607.35570000,0
1635642000000,191.80000000,192.20000000,190.00000000,190.60000000,27862.39300000,1635645599999,5321217.41050000,5165,12214.26900000,2332221.24650000,0
1635645600000,190.50000000,195.20000000,190.10000000,193.50000000,52271.91500000,1635649199999,10105771.71220000,18459,28905.83700000,5586931.00650000,0
1635649200000,193.50000000,194.40000000,192.40000000,192.90000000,17285.86400000,1635652799999,3340091.27670000,4963,9243.08200000,1786086.21540000,0
1635652800000,193.00000000,193.40000000,192.40000000,192.60000000,15362.73700000,1635656399999,2962081.81040000,4063,8483.00500000,1635713.73640000,0
1635656400000,192.60000000,193.00000000,191.30000000,191.90000000,21089.72700000,1635659999999,4048726.01730000,6221,8222.87200000,1578909.17490000,0
1635660000000,191.90000000,192.50000000,190.60000000,191.40000000,15699.82200000,1635663599999,3005676.77330000,5589,7131.00700000,1365899.77760000,0
1635663600000,191.30000000,191.70000000,190.70000000,191.70000000,12323.59600000,1635667199999,2356001.11500000,3925,5913.03800000,1130771.34800000,0
1635667200000,191.60000000,191.80000000,188.80000000,190.00000000,36030.48400000,1635670799999,6849070.87150000,9263,13468.63800000,2561229.01270000,0
1635670800000,190.00000000,190.70000000,188.70000000,190.50000000,18986.63100000,1635674399999,3602649.65480000,5718,9768.59700000,1854247.46190000,0
1635674400000,190.40000000,191.20000000,188.10000000,190.40000000,27887.14700000,1635677999999,5293440.46220000,8446,13916.19600000,2641507.76140000,0
1635678000000,190.40000000,190.90000000,188.50000000,188.90000000,28486.68700000,1635681599999,5402672.96930000,8534,13797.52000000,2618156.74980000,0
1635681600000,189.00000000,189.90000000,187.50000000,188.40000000,24743.02400000,1635685199999,4666057.25840000,8949,12210.41400000,2303235.20710000,0
1635685200000,188.30000000,189.80000000,186.70000000,189.00000000,27551.58800000,1635688799999,5188244.32490000,8927,14931.76200000,2813789.96150000,0
1635688800000,188.90000000,190.10000000,187.90000000,189.00000000,24111.30900000,1635692399999,4556690.50120000,7148,11546.38100000,2182364.80190000,0
1635692400000,188.90000000,190.30000000,188.30000000,189.30000000,21532.41700000,1635695999999,4079634.35980000,6033,10919.97200000,2069578.16870000,0
1635696000000,189.30000000,190.90000000,188.00000000,190.70000000,24610.65200000,1635699599999,4660914.39310000,7189,11255.06600000,2133982.62130000,0
1635699600000,190.70000000,191.50000000,190.10000000,190.80000000,18235.90000000,1635703199999,3480400.26350000,5727,9326.31800000,1780885.83190000,0
1635703200000,190.80000000,191.60000000,189.90000000,191.20000000,14746.61300000,1635706799999,2813154.51340000,4909,7476.70100000,1426629.74440000,0
1635706800000,191.20000000,191.60000000,190.60000000,191.10000000,10454.72800000,1635710399999,1999317.88840000,3801,5324.75700000,1018449.19570000,0
1635710400000,191.10000000,191.80000000,190.60000000,191.40000000,10824.78600000,1635713999999,2070880.36090000,3871,5413.27100000,1035711.97360000,0
1635714000000,191.40000000,192.80000000,191.20000000,192.20000000,12680.10600000,1635717599999,2433424.76990000,6025,6984.94700000,1340668.54640000,0
1635717600000,192.30000000,192.70000000,191.80000000,191.90000000,15554.66100000,1635721199999,2990505.28980000,3981,8911.59000000,1713647.49940000,0
1635721200000,192.00000000,192.60000000,191.20000000,191.90000000,12030.10100000,1635724799999,2309300.79860000,3462,5805.98600000,1114765.19300000,0
